1,1,3.6544
2,1,-0.60849
3,1,-0.68374
4,1,-0.83937
17,1,-0.8518
18,1,-0.67097
1,2,-0.60849
2,2,3.4953
3,2,-0.47672
17,2,-0.39751
133,2,-0.64172
134,2,-0.65645
150,2,-0.71439
1,3,-0.68374
2,3,-0.47672
3,3,3.5174
4,3,-0.32863
5,3,-0.74223
134,3,-0.59189
135,3,-0.69421
1,4,-0.83937
3,4,-0.32863
4,4,3.5607
5,4,-0.59556
6,4,-0.7682
18,4,-0.36048
19,4,-0.66846
3,5,-0.74223
4,5,-0.59556
5,5,3.5107
6,5,-0.44058
7,5,-0.70745
135,5,-0.3752
136,5,-0.64966
4,6,-0.7682
5,6,-0.44058
6,6,3.5119
7,6,-0.55429
8,6,-0.73364
19,6,-0.40206
20,6,-0.61313
5,7,-0.70745
6,7,-0.55429
7,7,3.4864
8,7,-0.50179
9,7,-0.59193
136,7,-0.45703
137,7,-0.6739
6,8,-0.73364
7,8,-0.50179
8,8,3.4898
9,8,-0.54735
10,8,-0.66546
20,8,-0.43368
21,8,-0.60787
7,9,-0.59193
8,9,-0.54735
9,9,3.4703
10,9,-0.58553
11,9,-0.65415
137,9,-0.59026
138,9,-0.50105
8,10,-0.66546
9,10,-0.58553
10,10,3.4833
11,10,-0.46811
12,10,-0.69054
21,10,-0.46418
22,10,-0.60943
9,11,-0.65415
10,11,-0.46811
11,11,3.4825
12,11,-0.58638
13,11,-0.69314
138,11,-0.6145
139,11,-0.46625
10,12,-0.69054
11,12,-0.58638
12,12,3.4847
13,12,-0.47036
14,12,-0.69239
22,12,-0.46575
23,12,-0.57932
11,13,-0.69314
12,13,-0.47036
13,13,3.4823
14,13,-0.55944
139,13,-0.57461
140,13,-0.49587
151,13,-0.68885
12,14,-0.69239
13,14,-0.55944
14,14,3.4763
23,14,-0.50656
24,14,-0.65652
25,14,-0.5436
151,14,-0.51776
15,15,3.5226
16,15,-0.52942
17,15,-0.76821
18,15,-0.43239
27,15,-0.41344
28,15,-0.62736
29,15,-0.75177
15,16,-0.52942
16,16,3.4799
17,16,-0.62736
28,16,-0.52612
149,16,-0.65828
150,16,-0.46958
160,16,-0.66909
1,17,-0.8518
2,17,-0.39751
15,17,-0.76821
16,17,-0.62736
17,17,3.5583
18,17,-0.33151
150,17,-0.58188
1,18,-0.67097
4,18,-0.36048
15,18,-0.43239
17,18,-0.33151
18,18,3.4345
19,18,-0.63512
29,18,-0.65463
30,18,-0.34942
4,19,-0.66846
6,19,-0.40206
18,19,-0.63512
19,19,3.4955
20,19,-0.68587
30,19,-0.63135
31,19,-0.47264
6,20,-0.61313
8,20,-0.43368
19,20,-0.68587
20,20,3.4851
21,20,-0.68009
31,20,-0.50264
32,20,-0.56964
8,21,-0.60787
10,21,-0.46418
20,21,-0.68009
21,21,3.4818
22,21,-0.66055
32,21,-0.46845
33,21,-0.6007
10,22,-0.60943
12,22,-0.46575
21,22,-0.66055
22,22,3.4809
23,22,-0.6635
33,22,-0.46747
34,22,-0.61416
12,23,-0.57932
14,23,-0.50656
22,23,-0.6635
23,23,3.4765
25,23,-0.64483
34,23,-0.46585
35,23,-0.61648
14,24,-0.65652
24,24,3.4765
25,24,-0.60691
26,24,-0.47524
151,24,-0.54025
152,24,-0.53257
161,24,-0.66504
14,25,-0.5436
23,25,-0.64483
24,25,-0.60691
25,25,3.4747
26,25,-0.5693
35,25,-0.46154
36,25,-0.64857
24,26,-0.47524
25,26,-0.5693
26,26,3.4811
36,26,-0.51105
161,26,-0.67487
169,26,-0.6858
170,26,-0.56486
15,27,-0.41344
27,27,3.5096
28,27,-0.60949
29,27,-0.69507
37,27,-0.68089
38,27,-0.71414
39,27,-0.39655
15,28,-0.62736
16,28,-0.52612
27,28,-0.60949
28,28,3.4725
38,28,-0.48556
160,28,-0.56971
168,28,-0.65429
15,29,-0.75177
18,29,-0.65463
27,29,-0.69507
29,29,3.6452
30,29,-0.86526
39,29,-0.67846
18,30,-0.34942
19,30,-0.63135
29,30,-0.86526
30,30,3.573
31,30,-0.78276
39,30,-0.31766
40,30,-0.62661
19,31,-0.47264
20,31,-0.50264
30,31,-0.78276
31,31,3.5222
32,31,-0.72125
40,31,-0.36594
41,31,-0.67692
20,32,-0.56964
21,32,-0.46845
31,32,-0.72125
32,32,3.4997
33,32,-0.68606
41,32,-0.395
42,32,-0.65928
21,33,-0.6007
22,33,-0.46747
32,33,-0.68606
33,33,3.4865
34,33,-0.66309
42,33,-0.43819
43,33,-0.63095
22,34,-0.61416
23,34,-0.46585
33,34,-0.66309
34,34,3.4798
35,34,-0.65715
43,34,-0.47552
44,34,-0.60401
23,35,-0.61648
25,35,-0.46154
34,35,-0.65715
35,35,3.4773
36,35,-0.65903
44,35,-0.50998
45,35,-0.5731
25,36,-0.64857
26,36,-0.51105
35,36,-0.65903
36,36,3.4725
45,36,-0.52067
46,36,-0.55277
169,36,-0.58041
27,37,-0.68089
37,37,3.5482
38,37,-0.39071
39,37,-0.67668
47,37,-0.89324
48,37,-0.49151
49,37,-0.41519
27,38,-0.71414
28,38,-0.48556
37,38,-0.39071
38,38,3.5042
48,38,-0.74956
168,38,-0.57825
178,38,-0.58595
27,39,-0.39655
29,39,-0.67846
30,39,-0.31766
37,39,-0.67668
39,39,3.5368
40,39,-0.75763
49,39,-0.70983
30,40,-0.62661
31,40,-0.36594
39,40,-0.75763
40,40,3.5331
41,40,-0.66408
49,40,-0.36973
50,40,-0.74909
31,41,-0.67692
32,41,-0.395
40,41,-0.66408
41,41,3.5025
42,41,-0.63999
50,41,-0.43218
51,41,-0.69436
32,42,-0.65928
33,42,-0.43819
41,42,-0.63999
42,42,3.4849
43,42,-0.63231
51,42,-0.46896
52,42,-0.64621
33,43,-0.63095
34,43,-0.47552
42,43,-0.63231
43,43,3.475
44,43,-0.62555
52,43,-0.4935
53,43,-0.61716
34,44,-0.60401
35,44,-0.50998
43,44,-0.62555
44,44,3.4694
45,44,-0.61873
53,44,-0.50993
54,44,-0.60119
35,45,-0.5731
36,45,-0.52067
44,45,-0.61873
45,45,3.4689
46,45,-0.63805
54,45,-0.51769
55,45,-0.60065
36,46,-0.55277
45,46,-0.63805
46,46,3.5084
55,46,-0.40526
56,46,-0.69416
169,46,-0.74395
179,46,-0.47424
37,47,-0.89324
47,47,3.5614
48,47,-0.51698
49,47,-0.31532
57,47,-0.51436
58,47,-0.54929
59,47,-0.77221
37,48,-0.49151
38,48,-0.74956
47,48,-0.51698
48,48,3.491
58,48,-0.68792
178,48,-0.49995
189,48,-0.54507
37,49,-0.41519
39,49,-0.70983
40,49,-0.36973
47,49,-0.31532
49,49,3.4371
50,49,-0.55728
59,49,-0.69032
60,49,-0.37943
40,50,-0.74909
41,50,-0.43218
49,50,-0.55728
50,50,3.4924
51,50,-0.55772
60,50,-0.6676
61,50,-0.52851
41,51,-0.69436
42,51,-0.46896
50,51,-0.55772
51,51,3.4752
52,51,-0.58518
61,51,-0.60525
62,51,-0.56369
42,52,-0.64621
43,52,-0.4935
51,52,-0.58518
52,52,3.4686
53,52,-0.60209
62,52,-0.57837
63,52,-0.56324
43,53,-0.61716
44,53,-0.50993
52,53,-0.60209
53,53,3.4671
54,53,-0.61071
63,53,-0.58473
64,53,-0.5425
44,54,-0.60119
45,54,-0.51769
53,54,-0.61071
54,54,3.4719
55,54,-0.63222
64,54,-0.62431
65,54,-0.48577
45,55,-0.60065
46,55,-0.40526
54,55,-0.63222
55,55,3.5166
56,55,-0.75858
65,55,-0.71781
66,55,-0.40209
46,56,-0.69416
55,56,-0.75858
56,56,3.6492
66,56,-0.61579
179,56,-0.71587
190,56,-0.86481
47,57,-0.51436
57,57,3.5072
58,57,-0.53382
59,57,-0.64843
67,57,-0.81695
68,57,-0.54506
69,57,-0.44856
47,58,-0.54929
48,58,-0.68792
57,58,-0.53382
58,58,3.4782
68,58,-0.66922
189,58,-0.54295
199,58,-0.495
47,59,-0.77221
49,59,-0.69032
57,59,-0.64843
59,59,3.6473
60,59,-0.84967
69,59,-0.68668
49,60,-0.37943
50,60,-0.6676
59,60,-0.84967
60,60,3.5523
61,60,-0.62496
69,60,-0.33916
70,60,-0.69149
50,61,-0.52851
51,61,-0.60525
60,61,-0.62496
61,61,3.4693
62,61,-0.5929
70,61,-0.50394
71,61,-0.6137
51,62,-0.56369
52,62,-0.57837
61,62,-0.5929
62,62,3.4637
63,62,-0.58912
71,62,-0.54875
72,62,-0.59088
52,63,-0.56324
53,63,-0.58473
62,63,-0.58912
63,63,3.4634
64,63,-0.5796
72,63,-0.55876
73,63,-0.58792
53,64,-0.5425
54,64,-0.62431
63,64,-0.5796
64,64,3.4653
65,64,-0.57022
73,64,-0.55447
74,64,-0.59422
54,65,-0.48577
55,65,-0.71781
64,65,-0.57022
65,65,3.4835
66,65,-0.5304
74,65,-0.51664
75,65,-0.66269
55,66,-0.40209
56,66,-0.61579
65,66,-0.5304
66,66,3.4154
75,66,-0.45496
76,66,-0.65037
190,66,-0.46918
200,66,-0.29262
57,67,-0.81695
67,67,3.6043
68,67,-0.44867
69,67,-0.31349
77,67,-0.71854
78,67,-0.91654
79,67,-0.39013
57,68,-0.54506
58,68,-0.66922
67,68,-0.44867
68,68,3.4846
77,68,-0.68674
199,68,-0.64149
208,68,-0.49346
57,69,-0.44856
59,69,-0.68668
60,69,-0.33916
67,69,-0.31349
69,69,3.4265
70,69,-0.57523
78,69,-0.63769
80,69,-0.42571
60,70,-0.69149
61,70,-0.50394
69,70,-0.57523
70,70,3.4834
71,70,-0.57642
80,70,-0.67391
81,70,-0.46246
61,71,-0.6137
62,71,-0.54875
70,71,-0.57642
71,71,3.4683
72,71,-0.58236
81,71,-0.64146
82,71,-0.50562
62,72,-0.59088
63,72,-0.55876
71,72,-0.58236
72,72,3.4658
73,72,-0.58218
82,72,-0.62981
83,72,-0.52179
63,73,-0.58792
64,73,-0.55447
72,73,-0.58218
73,73,3.4711
74,73,-0.62307
83,73,-0.6494
84,73,-0.47411
64,74,-0.59422
65,74,-0.51664
73,74,-0.62307
74,74,3.4783
75,74,-0.65009
84,74,-0.64824
86,74,-0.44609
65,75,-0.66269
66,75,-0.45496
74,75,-0.65009
75,75,3.5239
76,75,-0.75476
85,75,-0.32298
86,75,-0.67844
66,76,-0.65037
75,76,-0.75476
76,76,3.6756
85,76,-0.78321
200,76,-0.94572
209,76,-0.54156
67,77,-0.71854
68,77,-0.68674
77,77,3.5547
79,77,-0.40053
208,77,-0.5819
216,77,-0.32294
217,77,-0.84403
67,78,-0.91654
69,78,-0.63769
78,78,3.6607
79,78,-0.60387
80,78,-0.77396
87,78,-0.72865
67,79,-0.39013
77,79,-0.40053
78,79,-0.60387
79,79,3.4139
87,79,-0.44546
217,79,-0.6502
227,79,-0.33473
228,79,-0.589
69,80,-0.42571
70,80,-0.67391
78,80,-0.77396
80,80,3.5217
81,80,-0.6835
87,80,-0.36198
88,80,-0.60261
70,81,-0.46246
71,81,-0.64146
80,81,-0.6835
81,81,3.4798
82,81,-0.62382
88,81,-0.49907
89,81,-0.56946
71,82,-0.50562
72,82,-0.62981
81,82,-0.62382
82,82,3.4681
83,82,-0.56186
89,82,-0.57075
90,82,-0.57622
72,83,-0.52179
73,83,-0.6494
82,83,-0.56186
83,83,3.473
84,83,-0.59707
90,83,-0.65347
91,83,-0.48938
73,84,-0.47411
74,84,-0.64824
83,84,-0.59707
84,84,3.4815
86,84,-0.62361
91,84,-0.67954
92,84,-0.45896
75,85,-0.32298
76,85,-0.78321
85,85,3.5349
86,85,-0.64194
209,85,-0.45041
218,85,-0.77023
219,85,-0.56614
74,86,-0.44609
75,86,-0.67844
84,86,-0.62361
85,86,-0.64194
86,86,3.4944
92,86,-0.68538
218,86,-0.41898
78,87,-0.72865
79,87,-0.44546
80,87,-0.36198
87,87,3.5114
88,87,-0.67688
228,87,-0.67035
229,87,-0.62808
80,88,-0.60261
81,88,-0.49907
87,88,-0.67688
88,88,3.4785
89,88,-0.63
229,88,-0.46019
230,88,-0.60971
81,89,-0.56946
82,89,-0.57075
88,89,-0.63
89,89,3.472
90,89,-0.50655
230,89,-0.53433
231,89,-0.66093
82,90,-0.57622
83,90,-0.65347
89,90,-0.50655
90,90,3.4738
91,90,-0.56454
231,90,-0.66223
232,90,-0.51075
83,91,-0.48938
84,91,-0.67954
90,91,-0.56454
91,91,3.4781
92,91,-0.5746
232,91,-0.67502
233,91,-0.49503
84,92,-0.45896
86,92,-0.68538
91,92,-0.5746
92,92,3.4845
218,92,-0.60281
233,92,-0.68912
234,92,-0.47363
93,93,3.4968
94,93,-0.60443
96,93,-0.52759
97,93,-0.77549
104,93,-0.61213
106,93,-0.51917
107,93,-0.45802
93,94,-0.60443
94,94,3.4264
95,94,-0.61152
97,94,-0.39388
104,94,-0.3304
105,94,-0.66106
294,94,-0.53992
311,94,-0.28517
94,95,-0.61152
95,95,3.4899
97,95,-0.70468
280,95,-0.40842
294,95,-0.55096
295,95,-0.58742
296,95,-0.62685
93,96,-0.52759
96,96,3.4801
97,96,-0.50911
98,96,-0.66557
107,96,-0.6944
108,96,-0.6007
109,96,-0.48275
93,97,-0.77549
94,97,-0.39388
95,97,-0.70468
96,97,-0.50911
97,97,3.5058
98,97,-0.5723
296,97,-0.55029
96,98,-0.66557
97,98,-0.5723
98,98,3.4748
108,98,-0.47207
296,98,-0.52324
297,98,-0.60799
312,98,-0.63366
99,99,3.5289
100,99,-0.80216
102,99,-0.58343
103,99,-0.58648
117,99,-0.30149
118,99,-0.72466
119,99,-0.5307
99,100,-0.80216
100,100,3.5327
101,100,-0.72051
103,100,-0.333
117,100,-0.65457
308,100,-0.47344
323,100,-0.54899
100,101,-0.72051
101,101,3.6911
103,101,-0.80998
308,101,-0.63932
309,101,-0.53202
310,101,-0.98923
99,102,-0.58343
102,102,3.4985
103,102,-0.45902
104,102,-0.62446
105,102,-0.53135
119,102,-0.76656
120,102,-0.53372
99,103,-0.58648
100,103,-0.333
101,103,-0.80998
102,103,-0.45902
103,103,3.4895
105,103,-0.70872
310,103,-0.20835
311,103,-0.3839
93,104,-0.61213
94,104,-0.3304
102,104,-0.62446
104,104,3.5938
105,104,-0.85038
106,104,-0.83947
120,104,-0.33696
94,105,-0.66106
102,105,-0.53135
103,105,-0.70872
104,105,-0.85038
105,105,3.6831
311,105,-0.9316
93,106,-0.51917
104,106,-0.83947
106,106,3.6753
107,106,-0.70521
120,106,-0.72007
121,106,-0.89134
93,107,-0.45802
96,107,-0.6944
106,107,-0.70521
107,107,3.5096
109,107,-0.61007
121,107,-0.36544
122,107,-0.67641
96,108,-0.6007
98,108,-0.47207
108,108,3.4742
109,108,-0.63302
110,108,-0.50579
111,108,-0.62076
312,108,-0.64187
96,109,-0.48275
107,109,-0.61007
108,109,-0.63302
109,109,3.4755
110,109,-0.60315
122,109,-0.48803
123,109,-0.65848
108,110,-0.50579
109,110,-0.60315
110,110,3.4756
111,110,-0.62121
112,110,-0.60627
123,110,-0.4701
124,110,-0.66904
108,111,-0.62076
110,111,-0.62121
111,111,3.4973
112,111,-0.54792
113,111,-0.77319
312,111,-0.49728
313,111,-0.4369
110,112,-0.60627
111,112,-0.54792
112,112,3.4048
113,112,-0.28352
114,112,-0.59317
124,112,-0.45604
125,112,-0.51269
126,112,-0.40518
111,113,-0.77319
112,113,-0.28352
113,113,3.6151
114,113,-0.97835
313,113,-0.6864
314,113,-0.54618
315,113,-0.34743
112,114,-0.59317
113,114,-0.97835
114,114,3.7123
126,114,-0.9445
315,114,-0.54523
324,114,-0.65108
115,115,3.5335
116,115,-0.52829
117,115,-0.83793
118,115,-0.34845
129,115,-0.71752
132,115,-0.45819
133,115,-0.64317
115,116,-0.52829
116,116,3.4167
117,116,-0.35084
129,116,-0.45567
131,116,-0.64637
322,116,-0.5144
323,116,-0.64355
333,116,-0.27761
99,117,-0.30149
100,117,-0.65457
115,117,-0.83793
116,117,-0.35084
117,117,3.5676
118,117,-0.70606
323,117,-0.71669
99,118,-0.72466
115,118,-0.34845
117,118,-0.70606
118,118,3.5174
119,118,-0.43351
133,118,-0.67934
134,118,-0.62539
99,119,-0.5307
102,119,-0.76656
118,119,-0.43351
119,119,3.5049
120,119,-0.45149
134,119,-0.7101
135,119,-0.6125
102,120,-0.53372
104,120,-0.33696
106,120,-0.72007
119,120,-0.45149
120,120,3.4405
121,120,-0.27964
135,120,-0.67488
136,120,-0.44369
106,121,-0.89134
107,121,-0.36544
120,121,-0.27964
121,121,3.6011
122,121,-0.56746
136,121,-0.83469
137,121,-0.66256
107,122,-0.67641
109,122,-0.48803
121,122,-0.56746
122,122,3.4747
123,122,-0.58605
137,122,-0.51764
138,122,-0.63911
109,123,-0.65848
110,123,-0.4701
122,123,-0.58605
123,123,3.4777
124,123,-0.63018
138,123,-0.48703
139,123,-0.64589
110,124,-0.66904
112,124,-0.45604
123,124,-0.63018
124,124,3.4945
125,124,-0.7461
139,124,-0.45429
140,124,-0.53888
112,125,-0.51269
124,125,-0.7461
125,125,3.4912
126,125,-0.69214
127,125,-0.51863
140,125,-0.53116
141,125,-0.49052
112,126,-0.40518
114,126,-0.9445
125,126,-0.69214
126,126,3.5958
127,126,-0.62452
128,126,-0.68623
324,126,-0.24326
125,127,-0.51863
126,127,-0.62452
127,127,3.4718
128,127,-0.51784
141,127,-0.66286
142,127,-0.56355
143,127,-0.58435
126,128,-0.68623
127,128,-0.51784
128,128,3.4972
142,128,-0.60409
324,128,-0.68993
325,128,-0.3746
334,128,-0.62454
115,129,-0.71752
116,129,-0.45567
129,129,3.4997
130,129,-0.60378
131,129,-0.68697
132,129,-0.63669
148,129,-0.39906
129,130,-0.60378
130,130,3.5017
131,130,-0.46448
145,130,-0.60906
146,130,-0.40343
147,130,-0.70396
148,130,-0.71703
116,131,-0.64637
129,131,-0.68697
130,131,-0.46448
131,131,3.5466
147,131,-0.60064
333,131,-0.8613
343,131,-0.2868
115,132,-0.45819
129,132,-0.63669
132,132,3.4914
133,132,-0.65365
148,132,-0.67149
149,132,-0.41482
150,132,-0.65657
2,133,-0.64172
115,133,-0.64317
118,133,-0.67934
132,133,-0.65365
133,133,3.4916
134,133,-0.45536
150,133,-0.41834
2,134,-0.65645
3,134,-0.59189
118,134,-0.62539
119,134,-0.7101
133,134,-0.45536
134,134,3.488
135,134,-0.44881
3,135,-0.69421
5,135,-0.3752
119,135,-0.6125
120,135,-0.67488
134,135,-0.44881
135,135,3.5048
136,135,-0.69919
5,136,-0.64966
7,136,-0.45703
120,136,-0.44369
121,136,-0.83469
135,136,-0.69919
136,136,3.5286
137,136,-0.44435
7,137,-0.6739
9,137,-0.59026
121,137,-0.66256
122,137,-0.51764
136,137,-0.44435
137,137,3.4835
138,137,-0.59483
9,138,-0.50105
11,138,-0.6145
122,138,-0.63911
123,138,-0.48703
137,138,-0.59483
138,138,3.4732
139,138,-0.63668
11,139,-0.46625
13,139,-0.57461
123,139,-0.64589
124,139,-0.45429
138,139,-0.63668
139,139,3.486
140,139,-0.70834
13,140,-0.49587
124,140,-0.53888
125,140,-0.53116
139,140,-0.70834
140,140,3.4824
141,140,-0.68969
151,140,-0.51849
125,141,-0.49052
127,141,-0.66286
140,141,-0.68969
141,141,3.4771
143,141,-0.53943
151,141,-0.56028
152,141,-0.53437
127,142,-0.56355
128,142,-0.60409
142,142,3.4807
143,142,-0.63971
144,142,-0.47114
334,142,-0.49799
344,142,-0.70428
127,143,-0.58435
141,143,-0.53943
142,143,-0.63971
143,143,3.4693
144,143,-0.51519
152,143,-0.60595
153,143,-0.5847
142,144,-0.47114
143,144,-0.51519
144,144,3.4865
153,144,-0.74286
154,144,-0.59683
155,144,-0.57917
344,144,-0.58126
130,145,-0.60906
145,145,3.4693
146,145,-0.55324
148,145,-0.55787
157,145,-0.58866
158,145,-0.58814
159,145,-0.57236
130,146,-0.40343
145,146,-0.55324
146,146,3.53
147,146,-0.78396
158,146,-0.69354
342,146,-0.3781
351,146,-0.71775
130,147,-0.70396
131,147,-0.60064
146,147,-0.78396
147,147,3.6677
342,147,-0.6334
343,147,-0.9457
129,148,-0.39906
130,148,-0.71703
132,148,-0.67149
145,148,-0.55787
148,148,3.5021
149,148,-0.68877
159,148,-0.46791
16,149,-0.65828
132,149,-0.41482
148,149,-0.68877
149,149,3.4965
150,149,-0.65162
159,149,-0.64974
160,149,-0.43327
2,150,-0.71439
16,150,-0.46958
17,150,-0.58188
132,150,-0.65657
133,150,-0.41834
149,150,-0.65162
150,150,3.4924
13,151,-0.68885
14,151,-0.51776
24,151,-0.54025
140,151,-0.51849
141,151,-0.56028
151,151,3.4745
152,151,-0.64884
24,152,-0.53257
141,152,-0.53437
143,152,-0.60595
151,152,-0.64884
152,152,3.468
153,152,-0.57619
161,152,-0.57006
143,153,-0.5847
144,153,-0.74286
152,153,-0.57619
153,153,3.5088
155,153,-0.38307
161,153,-0.48505
162,153,-0.73689
144,154,-0.59683
154,154,3.5765
155,154,-0.40466
156,154,-0.90352
344,154,-0.70108
345,154,-0.69374
352,154,-0.27664
144,155,-0.57917
153,155,-0.38307
154,155,-0.40466
155,155,3.4052
156,155,-0.60744
162,155,-0.62698
163,155,-0.39401
164,155,-0.40984
154,156,-0.90352
155,156,-0.60744
156,156,3.6572
164,156,-0.73049
352,156,-0.66896
358,156,-0.7468
145,157,-0.58866
157,157,3.4886
158,157,-0.46793
159,157,-0.69801
165,157,-0.63032
166,157,-0.65723
167,157,-0.4465
145,158,-0.58814
146,158,-0.69354
157,158,-0.46793
158,158,3.4992
166,158,-0.65897
351,158,-0.393
357,158,-0.6976
145,159,-0.57236
148,159,-0.46791
149,159,-0.64974
157,159,-0.69801
159,159,3.4847
160,159,-0.61927
167,159,-0.47742
16,160,-0.66909
28,160,-0.56971
149,160,-0.43327
159,160,-0.61927
160,160,3.4851
167,160,-0.69421
168,160,-0.49955
24,161,-0.66504
26,161,-0.67487
152,161,-0.57006
153,161,-0.48505
161,161,3.4857
162,161,-0.63956
170,161,-0.4511
153,162,-0.73689
155,162,-0.62698
161,162,-0.63956
162,162,3.6595
163,162,-0.9161
170,162,-0.73993
155,163,-0.39401
162,163,-0.9161
163,163,3.6683
164,163,-0.78366
170,163,-0.19992
171,163,-0.93332
172,163,-0.44132
155,164,-0.40984
156,164,-0.73049
163,164,-0.78366
164,164,3.5187
172,164,-0.62454
358,164,-0.45929
366,164,-0.51088
157,165,-0.63032
165,165,3.5434
166,165,-0.41565
167,165,-0.79959
175,165,-0.66423
176,165,-0.72867
177,165,-0.30491
157,166,-0.65723
158,166,-0.65897
165,166,-0.41565
166,166,3.4955
175,166,-0.67756
357,166,-0.43587
365,166,-0.65025
157,167,-0.4465
159,167,-0.47742
160,167,-0.69421
165,167,-0.79959
167,167,3.5057
168,167,-0.55898
177,167,-0.52902
28,168,-0.65429
38,168,-0.57825
160,168,-0.49955
167,168,-0.55898
168,168,3.4726
177,168,-0.65725
178,168,-0.52426
26,169,-0.6858
36,169,-0.58041
46,169,-0.74395
169,169,3.5958
170,169,-0.34426
179,169,-0.30623
180,169,-0.93517
26,170,-0.56486
161,170,-0.4511
162,170,-0.73993
163,170,-0.19992
169,170,-0.34426
170,170,3.4534
171,170,-0.51425
180,170,-0.63912
163,171,-0.93332
170,171,-0.51425
171,171,3.5719
172,171,-0.37343
180,171,-0.68873
181,171,-0.36639
182,171,-0.69577
163,172,-0.44132
164,172,-0.62454
171,172,-0.37343
172,172,3.531
182,172,-0.86261
184,172,-0.58322
366,172,-0.64584
173,173,3.4827
174,173,-0.51276
175,173,-0.72265
176,173,-0.52895
185,173,-0.5963
186,173,-0.63929
187,173,-0.4828
173,174,-0.51276
174,174,3.4678
175,174,-0.58307
186,174,-0.57262
364,174,-0.55052
365,174,-0.63111
373,174,-0.61767
165,175,-0.66423
166,175,-0.67756
173,175,-0.72265
174,175,-0.58307
175,175,3.5012
176,175,-0.39453
365,175,-0.45918
165,176,-0.72867
173,176,-0.52895
175,176,-0.39453
176,176,3.6547
177,176,-0.91957
187,176,-0.90769
188,176,-0.17528
165,177,-0.30491
167,177,-0.52902
168,177,-0.65725
176,177,-0.91957
177,177,3.5539
178,177,-0.61357
188,177,-0.52954
38,178,-0.58595
48,178,-0.49995
168,178,-0.52426
177,178,-0.61357
178,178,3.4706
188,178,-0.6073
189,178,-0.63962
46,179,-0.47424
56,179,-0.71587
169,179,-0.30623
179,179,3.4461
180,179,-0.61588
181,179,-0.46371
190,179,-0.25102
191,179,-0.61919
169,180,-0.93517
170,180,-0.63912
171,180,-0.68873
179,180,-0.61588
180,180,3.6643
181,180,-0.78536
171,181,-0.36639
179,181,-0.46371
180,181,-0.78536
181,181,3.5266
182,181,-0.59274
191,181,-0.55004
192,181,-0.76836
171,182,-0.69577
172,182,-0.86261
181,182,-0.59274
182,182,3.6474
183,182,-0.94851
184,182,-0.18539
192,182,-0.36234
182,183,-0.94851
183,183,3.6902
184,183,-0.74833
192,183,-0.56703
193,183,-0.56328
194,183,-0.86309
172,184,-0.58322
182,184,-0.18539
183,184,-0.74833
184,184,3.4523
194,184,-0.32274
366,184,-0.56083
367,184,-0.52845
374,184,-0.52334
173,185,-0.5963
185,185,3.4958
186,185,-0.49194
187,185,-0.64436
195,185,-0.67662
196,185,-0.38584
197,185,-0.70077
173,186,-0.63929
174,186,-0.57262
185,186,-0.49194
186,186,3.472
195,186,-0.57888
373,186,-0.529
379,186,-0.66023
173,187,-0.4828
176,187,-0.90769
185,187,-0.64436
187,187,3.6919
188,187,-0.8289
196,187,-0.82816
176,188,-0.17528
177,188,-0.52954
178,188,-0.6073
187,188,-0.8289
188,188,3.481
189,188,-0.55182
196,188,-0.28108
198,188,-0.50707
48,189,-0.54507
58,189,-0.54295
178,189,-0.63962
188,189,-0.55182
189,189,3.4692
198,189,-0.60132
199,189,-0.58847
56,190,-0.86481
66,190,-0.46918
179,190,-0.25102
190,190,3.5922
191,190,-0.80626
200,190,-0.71025
201,190,-0.49069
179,191,-0.61919
181,191,-0.55004
190,191,-0.80626
191,191,3.4975
192,191,-0.54879
201,191,-0.45649
202,191,-0.51668
181,192,-0.76836
182,192,-0.36234
183,192,-0.56703
191,192,-0.54879
192,192,3.5023
193,192,-0.6302
202,192,-0.62558
183,193,-0.56328
192,193,-0.6302
193,193,3.5037
194,193,-0.39802
202,193,-0.50127
203,193,-0.80536
204,193,-0.60562
183,194,-0.86309
184,194,-0.32274
193,194,-0.39802
194,194,3.5665
203,194,-0.51632
374,194,-0.73352
380,194,-0.7328
185,195,-0.67662
186,195,-0.57888
195,195,3.4892
197,195,-0.42375
379,195,-0.47673
385,195,-0.68195
386,195,-0.65131
185,196,-0.38584
187,196,-0.82816
188,196,-0.28108
196,196,3.581
197,196,-0.58463
198,196,-0.85301
205,196,-0.64834
185,197,-0.70077
195,197,-0.42375
196,197,-0.58463
197,197,3.4843
205,197,-0.51682
206,197,-0.64021
386,197,-0.61815
188,198,-0.50707
189,198,-0.60132
196,198,-0.85301
198,198,3.5247
199,198,-0.67759
205,198,-0.37917
207,198,-0.50652
58,199,-0.495
68,199,-0.64149
189,199,-0.58847
198,199,-0.67759
199,199,3.477
207,199,-0.50228
208,199,-0.57216
66,200,-0.29262
76,200,-0.94572
190,200,-0.71025
200,200,3.5977
201,200,-0.73772
209,200,-0.38324
210,200,-0.52815
190,201,-0.49069
191,201,-0.45649
200,201,-0.73772
201,201,3.5066
202,201,-0.74325
210,201,-0.44524
211,201,-0.63319
191,202,-0.51668
192,202,-0.62558
193,202,-0.50127
201,202,-0.74325
202,202,3.49
204,202,-0.65011
211,202,-0.45309
193,203,-0.80536
194,203,-0.51632
203,203,3.5228
204,203,-0.381
380,203,-0.4679
387,203,-0.59418
388,203,-0.75801
193,204,-0.60562
202,204,-0.65011
203,204,-0.381
204,204,3.498
211,204,-0.55978
212,204,-0.5404
387,204,-0.76112
196,205,-0.64834
197,205,-0.51682
198,205,-0.37917
205,205,3.5084
206,205,-0.59287
207,205,-0.81237
213,205,-0.55882
197,206,-0.64021
205,206,-0.59287
206,206,3.4686
213,206,-0.53779
214,206,-0.59709
386,206,-0.50793
394,206,-0.59268
198,207,-0.50652
199,207,-0.50228
205,207,-0.81237
207,207,3.5171
208,207,-0.74035
213,207,-0.40243
215,207,-0.55312
68,208,-0.49346
77,208,-0.5819
199,208,-0.57216
207,208,-0.74035
208,208,3.5127
215,208,-0.36478
216,208,-0.76
76,209,-0.54156
85,209,-0.45041
200,209,-0.38324
209,209,3.5246
210,209,-0.81539
219,209,-0.74943
220,209,-0.58453
200,210,-0.52815
201,210,-0.44524
209,210,-0.81539
210,210,3.5172
211,210,-0.63606
220,210,-0.40071
221,210,-0.69165
201,211,-0.63319
202,211,-0.45309
204,211,-0.55978
210,211,-0.63606
211,211,3.4848
212,211,-0.7096
221,211,-0.49312
204,212,-0.5404
211,212,-0.7096
212,212,3.4876
221,212,-0.48948
222,212,-0.64542
387,212,-0.44632
395,212,-0.65641
205,213,-0.55882
206,213,-0.53779
207,213,-0.40243
213,213,3.5296
214,213,-0.70192
215,213,-0.87508
225,213,-0.45355
206,214,-0.59709
213,214,-0.70192
214,214,3.5
223,214,-0.72977
225,214,-0.49352
394,214,-0.56843
401,214,-0.40927
207,215,-0.55312
208,215,-0.36478
213,215,-0.87508
215,215,3.5379
216,215,-0.69953
224,215,-0.61055
225,215,-0.43485
77,216,-0.32294
208,216,-0.76
215,216,-0.69953
216,216,3.5201
217,216,-0.67769
224,216,-0.51963
226,216,-0.54026
77,217,-0.84403
79,217,-0.6502
216,217,-0.67769
217,217,3.6606
226,217,-0.60647
227,217,-0.88219
85,218,-0.77023
86,218,-0.41898
92,218,-0.60281
218,218,3.5036
219,218,-0.43594
234,218,-0.63795
235,218,-0.63766
85,219,-0.56614
209,219,-0.74943
218,219,-0.43594
219,219,3.5176
220,219,-0.42089
235,219,-0.55503
236,219,-0.79013
209,220,-0.58453
210,220,-0.40071
219,220,-0.42089
220,220,3.4046
221,220,-0.61485
236,220,-0.44225
237,220,-0.32499
238,220,-0.61639
210,221,-0.69165
211,221,-0.49312
212,221,-0.48948
220,221,-0.61485
221,221,3.4834
222,221,-0.53793
237,221,-0.65635
212,222,-0.64542
221,222,-0.53793
222,222,3.4877
237,222,-0.68155
395,222,-0.49066
402,222,-0.68736
409,222,-0.44475
214,223,-0.72977
223,223,3.7037
225,223,-0.57356
401,223,-0.76231
407,223,-0.58073
408,223,-1.0574
215,224,-0.61055
216,224,-0.51963
224,224,3.4787
225,224,-0.6318
226,224,-0.60561
239,224,-0.66384
241,224,-0.44731
213,225,-0.45355
214,225,-0.49352
215,225,-0.43485
223,225,-0.57356
224,225,-0.6318
225,225,3.4013
239,225,-0.51792
408,225,-0.29606
216,226,-0.54026
217,226,-0.60647
224,226,-0.60561
226,226,3.5009
227,226,-0.35431
240,226,-0.72612
241,226,-0.66813
79,227,-0.33473
217,227,-0.88219
226,227,-0.35431
227,227,3.5686
228,227,-0.6916
240,227,-0.5717
242,227,-0.73408
79,228,-0.589
87,228,-0.67035
227,228,-0.6916
228,228,3.4883
229,228,-0.48438
242,228,-0.43238
243,228,-0.62061
87,229,-0.62808
88,229,-0.46019
228,229,-0.48438
229,229,3.4792
230,229,-0.67104
243,229,-0.62949
244,229,-0.60607
88,230,-0.60971
89,230,-0.53433
229,230,-0.67104
230,230,3.5053
231,230,-0.41571
244,230,-0.48992
245,230,-0.78454
89,231,-0.66093
90,231,-0.66223
230,231,-0.41571
231,231,3.4929
232,231,-0.55162
245,231,-0.70528
246,231,-0.49717
90,232,-0.51075
91,232,-0.67502
231,232,-0.55162
232,232,3.4754
233,232,-0.55454
246,232,-0.67286
247,232,-0.51064
91,233,-0.49503
92,233,-0.68912
232,233,-0.55454
233,233,3.4804
234,233,-0.56812
247,233,-0.6869
248,233,-0.48667
92,234,-0.47363
218,234,-0.63795
233,234,-0.56812
234,234,3.4794
235,234,-0.57584
248,234,-0.70665
249,234,-0.51724
218,235,-0.63766
219,235,-0.55503
234,235,-0.57584
235,235,3.4716
236,235,-0.52713
249,235,-0.53899
250,235,-0.637
219,236,-0.79013
220,236,-0.44225
235,236,-0.52713
236,236,3.5034
238,236,-0.65972
250,236,-0.55609
251,236,-0.52804
220,237,-0.32499
221,237,-0.65635
222,237,-0.68155
237,237,3.5858
238,237,-0.95202
409,237,-0.62746
419,237,-0.34348
220,238,-0.61639
236,238,-0.65972
237,238,-0.95202
238,238,3.6767
251,238,-0.81023
419,238,-0.63834
224,239,-0.66384
225,239,-0.51792
239,239,3.514
241,239,-0.69362
408,239,-0.73177
416,239,-0.56138
417,239,-0.34546
226,240,-0.72612
227,240,-0.5717
240,240,3.4916
241,240,-0.42584
242,240,-0.48758
253,240,-0.60759
255,240,-0.67279
224,241,-0.44731
226,241,-0.66813
239,241,-0.69362
240,241,-0.42584
241,241,3.4939
253,241,-0.64312
417,241,-0.61585
227,242,-0.73408
228,242,-0.43238
240,242,-0.48758
242,242,3.498
243,242,-0.63176
254,242,-0.70434
255,242,-0.50787
228,243,-0.62061
229,243,-0.62949
242,243,-0.63176
243,243,3.4903
244,243,-0.50246
254,243,-0.39655
256,243,-0.70941
229,244,-0.60607
230,244,-0.48992
243,244,-0.50246
244,244,3.4497
245,244,-0.30527
256,244,-0.57298
257,244,-0.22395
258,244,-0.74907
230,245,-0.78454
231,245,-0.70528
244,245,-0.30527
245,245,3.5874
246,245,-0.58075
258,245,-0.87097
259,245,-0.34056
231,246,-0.49717
232,246,-0.67286
245,246,-0.58075
246,246,3.4789
247,246,-0.55459
259,246,-0.68141
260,246,-0.49213
232,247,-0.51064
233,247,-0.6869
246,247,-0.55459
247,247,3.4761
248,247,-0.5553
260,247,-0.66326
261,247,-0.50537
233,248,-0.48667
234,248,-0.70665
247,248,-0.5553
248,248,3.4791
249,248,-0.52664
261,248,-0.66503
262,248,-0.53882
234,249,-0.51724
235,249,-0.53899
248,249,-0.52664
249,249,3.4793
250,249,-0.67737
262,249,-0.68662
263,249,-0.53239
235,250,-0.637
236,250,-0.55609
249,250,-0.67737
250,250,3.5056
251,250,-0.46468
252,250,-0.75965
263,250,-0.41079
236,251,-0.52804
238,251,-0.81023
250,251,-0.46468
251,251,3.6081
252,251,-0.68488
418,251,-0.90842
419,251,-0.21182
250,252,-0.75965
251,252,-0.68488
252,252,3.5764
263,252,-0.65083
418,252,-0.16902
428,252,-0.55729
429,252,-0.75475
240,253,-0.60759
241,253,-0.64312
253,253,3.4703
255,253,-0.49901
417,253,-0.5361
426,253,-0.55739
427,253,-0.62705
242,254,-0.70434
243,254,-0.39655
254,254,3.5045
255,254,-0.62367
256,254,-0.66997
265,254,-0.42827
266,254,-0.68166
240,255,-0.67279
242,255,-0.50787
253,255,-0.49901
254,255,-0.62367
255,255,3.4745
265,255,-0.5777
427,255,-0.59343
243,256,-0.70941
244,256,-0.57298
254,256,-0.66997
256,256,3.5227
257,256,-0.75993
266,256,-0.4068
267,256,-0.40365
244,257,-0.22395
256,257,-0.75993
257,257,3.6843
258,257,-0.91436
267,257,-0.87604
268,257,-0.68132
269,257,-0.22873
244,258,-0.74907
245,258,-0.87097
257,258,-0.91436
258,258,3.7049
259,258,-0.73748
268,258,-0.43305
245,259,-0.34056
246,259,-0.68141
258,259,-0.73748
259,259,3.5117
260,259,-0.61171
268,259,-0.49189
270,259,-0.64862
246,260,-0.49213
247,260,-0.66326
259,260,-0.61171
260,260,3.4724
261,260,-0.59364
270,260,-0.51088
271,260,-0.60076
247,261,-0.50537
248,261,-0.66503
260,261,-0.59364
261,261,3.4724
262,261,-0.55752
271,261,-0.51621
273,261,-0.63468
248,262,-0.53882
249,262,-0.68662
261,262,-0.55752
262,262,3.4818
263,262,-0.53911
273,262,-0.46859
274,262,-0.69109
249,263,-0.53239
250,263,-0.41079
252,263,-0.65083
262,263,-0.53911
263,263,3.3961
264,263,-0.4756
274,263,-0.4465
428,263,-0.34094
263,264,-0.4756
264,264,3.7803
274,264,-0.86246
428,264,-1.1201
442,264,-0.85762
443,264,-0.46456
254,265,-0.42827
255,265,-0.5777
265,265,3.4911
266,265,-0.72217
427,265,-0.63066
437,265,-0.65335
438,265,-0.4789
254,266,-0.68166
256,266,-0.4068
265,266,-0.72217
266,266,3.5334
267,266,-0.80268
438,266,-0.5524
439,266,-0.3677
256,267,-0.40365
257,267,-0.87604
266,267,-0.80268
267,267,3.7111
269,267,-0.81894
439,267,-0.80977
257,268,-0.68132
258,268,-0.43305
259,268,-0.49189
268,268,3.4976
269,268,-0.63385
270,268,-0.54712
276,268,-0.71036
257,269,-0.22873
267,269,-0.81894
268,269,-0.63385
269,269,3.4885
275,269,-0.60962
276,269,-0.42077
439,269,-0.20832
452,269,-0.56828
259,270,-0.64862
260,270,-0.51088
268,270,-0.54712
270,270,3.4692
271,270,-0.61355
272,270,-0.59734
276,270,-0.55166
260,271,-0.60076
261,271,-0.51621
270,271,-0.61355
271,271,3.4675
272,271,-0.535
273,271,-0.62904
440,271,-0.57294
270,272,-0.59734
271,272,-0.535
272,272,3.4655
276,272,-0.57313
440,272,-0.62438
454,272,-0.5686
455,272,-0.56699
261,273,-0.63468
262,273,-0.46859
271,273,-0.62904
273,273,3.4761
274,273,-0.66324
440,273,-0.5392
441,273,-0.54131
262,274,-0.69109
263,274,-0.4465
264,274,-0.86246
273,274,-0.66324
274,274,3.5542
441,274,-0.60093
442,274,-0.28994
269,275,-0.60962
275,275,3.4958
276,275,-0.704
452,275,-0.53952
453,275,-0.65865
454,275,-0.61162
466,275,-0.37241
268,276,-0.71036
269,276,-0.42077
270,276,-0.55166
272,276,-0.57313
275,276,-0.704
276,276,3.4906
454,276,-0.53071
277,277,3.5807
278,277,-0.83136
279,277,-0.18006
281,277,-0.48629
292,277,-0.68139
293,277,-0.34092
294,277,-0.181
295,277,-0.87973
277,278,-0.83136
278,278,3.6663
279,278,-0.88964
293,278,-0.71798
480,278,-0.65834
501,278,-0.56902
277,279,-0.18006
278,279,-0.88964
279,279,3.6468
281,279,-0.85686
480,279,-0.33359
482,279,-0.69101
484,279,-0.6956
95,280,-0.40842
280,280,3.5391
281,280,-0.36568
282,280,-0.78259
283,280,-0.62519
295,280,-0.80623
296,280,-0.55099
277,281,-0.48629
279,281,-0.85686
280,281,-0.36568
281,281,3.5581
283,281,-0.7889
295,281,-0.61284
484,281,-0.44752
280,282,-0.78259
282,282,3.5328
283,282,-0.33391
284,282,-0.71059
285,282,-0.71981
296,282,-0.5462
297,282,-0.43966
280,283,-0.62519
281,283,-0.7889
282,283,-0.33391
283,283,3.5337
285,283,-0.66114
484,283,-0.40576
486,283,-0.71878
282,284,-0.71059
284,284,3.498
285,284,-0.38285
286,284,-0.68953
297,284,-0.60482
298,284,-0.62852
299,284,-0.48167
282,285,-0.71981
283,285,-0.66114
284,285,-0.38285
285,285,3.5059
286,285,-0.63434
486,285,-0.43427
488,285,-0.67353
284,286,-0.68953
285,286,-0.63434
286,286,3.4865
298,286,-0.45594
488,286,-0.45394
490,286,-0.66592
502,286,-0.5868
287,287,3.4883
288,287,-0.5365
289,287,-0.69413
290,287,-0.44532
291,287,-0.65162
309,287,-0.67426
498,287,-0.48651
287,288,-0.5365
288,288,3.4124
289,288,-0.50002
305,288,-0.6308
306,288,-0.34716
307,288,-0.5581
308,288,-0.27189
309,288,-0.56794
287,289,-0.69413
288,289,-0.50002
289,289,3.4803
307,289,-0.64084
495,289,-0.46827
498,289,-0.56526
514,289,-0.61175
287,290,-0.44532
290,290,3.5121
291,290,-0.5502
292,290,-0.38321
293,290,-0.70158
309,290,-0.72408
310,290,-0.70768
287,291,-0.65162
290,291,-0.5502
291,291,3.4831
293,291,-0.54065
498,291,-0.65213
500,291,-0.42421
501,291,-0.66426
277,292,-0.68139
290,292,-0.38321
292,292,3.5247
293,292,-0.72327
294,292,-0.73816
310,292,-0.61083
311,292,-0.38785
277,293,-0.34092
278,293,-0.71798
290,293,-0.70158
291,293,-0.54065
292,293,-0.72327
293,293,3.5162
501,293,-0.49184
94,294,-0.53992
95,294,-0.55096
277,294,-0.181
292,294,-0.73816
294,294,3.587
295,294,-0.78122
311,294,-0.79571
95,295,-0.58742
277,295,-0.87973
280,295,-0.80623
281,295,-0.61284
294,295,-0.78122
295,295,3.6674
95,296,-0.62685
97,296,-0.55029
98,296,-0.52324
280,296,-0.55099
282,296,-0.5462
296,296,3.4752
297,296,-0.67765
98,297,-0.60799
282,297,-0.43966
284,297,-0.60482
296,297,-0.67765
297,297,3.4861
299,297,-0.68122
312,297,-0.4748
284,298,-0.62852
286,298,-0.45594
298,298,3.4763
299,298,-0.61162
300,298,-0.57861
301,298,-0.52893
502,298,-0.67271
284,299,-0.48167
297,299,-0.68122
298,299,-0.61162
299,299,3.4733
300,299,-0.56997
312,299,-0.54352
313,299,-0.58527
298,300,-0.57861
299,300,-0.56997
300,300,3.4663
301,300,-0.59272
302,300,-0.53155
313,300,-0.55181
314,300,-0.6416
298,301,-0.52893
300,301,-0.59272
301,301,3.4659
302,301,-0.61876
502,301,-0.59056
503,301,-0.58005
505,301,-0.55487
300,302,-0.53155
301,302,-0.61876
302,302,3.4695
303,302,-0.5471
304,302,-0.66108
314,302,-0.58269
505,302,-0.5283
302,303,-0.5471
303,303,3.4807
304,303,-0.51365
316,303,-0.65847
505,303,-0.69269
506,303,-0.46012
515,303,-0.60869
302,304,-0.66108
303,304,-0.51365
304,304,3.482
314,304,-0.43558
315,304,-0.65717
316,304,-0.6347
317,304,-0.57984
288,305,-0.6308
305,305,3.7212
306,305,-0.95348
308,305,-0.95243
322,305,-0.7331
323,305,-0.45136
288,306,-0.34716
305,306,-0.95348
306,306,3.6195
307,306,-0.72132
319,306,-0.73506
321,306,-0.62614
322,306,-0.23633
288,307,-0.5581
289,307,-0.64084
306,307,-0.72132
307,307,3.4825
321,307,-0.48661
512,307,-0.50558
514,307,-0.57009
100,308,-0.47344
101,308,-0.63932
288,308,-0.27189
305,308,-0.95243
308,308,3.59
309,308,-0.7429
323,308,-0.50998
101,309,-0.53202
287,309,-0.67426
288,309,-0.56794
290,309,-0.72408
308,309,-0.7429
309,309,3.5308
310,309,-0.28961
101,310,-0.98923
103,310,-0.20835
290,310,-0.70768
292,310,-0.61083
309,310,-0.28961
310,310,3.674
311,310,-0.86825
94,311,-0.28517
103,311,-0.3839
105,311,-0.9316
292,311,-0.38785
294,311,-0.79571
310,311,-0.86825
311,311,3.6525
98,312,-0.63366
108,312,-0.64187
111,312,-0.49728
297,312,-0.4748
299,312,-0.54352
312,312,3.4808
313,312,-0.68965
111,313,-0.4369
113,313,-0.6864
299,313,-0.58527
300,313,-0.55181
312,313,-0.68965
313,313,3.4853
314,313,-0.53527
113,314,-0.54618
300,314,-0.6416
302,314,-0.58269
304,314,-0.43558
313,314,-0.53527
314,314,3.4887
315,314,-0.74738
113,315,-0.34743
114,315,-0.54523
304,315,-0.65717
314,315,-0.74738
315,315,3.5115
317,315,-0.52621
324,315,-0.68806
303,316,-0.65847
304,316,-0.6347
316,316,3.5087
317,316,-0.4996
318,316,-0.80626
515,316,-0.45528
517,316,-0.45438
304,317,-0.57984
315,317,-0.52621
316,317,-0.4996
317,317,3.4058
318,317,-0.32916
324,317,-0.47352
325,317,-0.34614
326,317,-0.65135
316,318,-0.80626
317,318,-0.32916
318,318,3.5594
326,318,-0.84157
328,318,-0.40602
517,318,-0.61323
526,318,-0.56315
306,319,-0.73506
319,319,3.5003
320,319,-0.47023
321,319,-0.49781
322,319,-0.58763
332,319,-0.71929
333,319,-0.49028
319,320,-0.47023
320,320,3.4741
321,320,-0.66527
331,320,-0.59198
332,320,-0.63249
525,320,-0.56164
533,320,-0.55246
306,321,-0.62614
307,321,-0.48661
319,321,-0.49781
320,321,-0.66527
321,321,3.4801
512,321,-0.66613
525,321,-0.5381
116,322,-0.5144
305,322,-0.7331
306,322,-0.23633
319,322,-0.58763
322,322,3.5709
323,322,-0.61877
333,322,-0.88064
100,323,-0.54899
116,323,-0.64355
117,323,-0.71669
305,323,-0.45136
308,323,-0.50998
322,323,-0.61877
323,323,3.4893
114,324,-0.65108
126,324,-0.24326
128,324,-0.68993
315,324,-0.68806
317,324,-0.47352
324,324,3.5561
325,324,-0.81026
128,325,-0.3746
317,325,-0.34614
324,325,-0.81026
325,325,3.634
326,325,-0.9133
327,325,-0.34427
334,325,-0.84538
317,326,-0.65135
318,326,-0.84157
325,326,-0.9133
326,326,3.6664
327,326,-0.62212
328,326,-0.6381
325,327,-0.34427
326,327,-0.62212
327,327,3.4212
328,327,-0.54456
334,327,-0.38731
335,327,-0.6991
336,327,-0.44717
337,327,-0.37665
318,328,-0.40602
326,328,-0.6381
327,328,-0.54456
328,328,3.4874
336,328,-0.66565
526,328,-0.65014
534,328,-0.58297
329,329,3.5103
330,329,-0.40376
331,329,-0.64875
332,329,-0.51229
341,329,-0.7264
342,329,-0.48714
343,329,-0.73198
329,330,-0.40376
330,330,3.5154
331,330,-0.60608
340,330,-0.43679
341,330,-0.73651
531,330,-0.5791
540,330,-0.75311
320,331,-0.59198
329,331,-0.64875
330,331,-0.60608
331,331,3.4682
332,331,-0.52013
531,331,-0.53533
533,331,-0.56591
319,332,-0.71929
320,332,-0.63249
329,332,-0.51229
331,332,-0.52013
332,332,3.4903
333,332,-0.4394
343,332,-0.66676
116,333,-0.27761
131,333,-0.8613
319,333,-0.49028
322,333,-0.88064
332,333,-0.4394
333,333,3.5902
343,333,-0.64094
128,334,-0.62454
142,334,-0.49799
325,334,-0.84538
327,334,-0.38731
334,334,3.5312
335,334,-0.70873
344,334,-0.4673
327,335,-0.6991
334,335,-0.70873
335,335,3.6389
337,335,-0.82366
344,335,-0.71611
345,335,-0.69132
327,336,-0.44717
328,336,-0.66565
336,336,3.5157
337,336,-0.83979
338,336,-0.42623
534,336,-0.54641
535,336,-0.59041
327,337,-0.37665
335,337,-0.82366
336,337,-0.83979
337,337,3.5734
338,337,-0.55052
345,337,-0.31033
346,337,-0.67243
336,338,-0.42623
337,338,-0.55052
338,338,3.4851
346,338,-0.64781
348,338,-0.5823
535,338,-0.60078
541,338,-0.67747
339,339,3.6014
340,339,-0.26216
341,339,-0.93842
342,339,-0.39784
349,339,-0.60556
350,339,-0.79433
351,339,-0.60304
330,340,-0.43679
339,340,-0.26216
340,340,3.423
341,340,-0.68958
350,340,-0.4931
537,340,-0.5213
540,340,-0.40353
545,340,-0.61657
329,341,-0.7264
330,341,-0.73651
339,341,-0.93842
340,341,-0.68958
341,341,3.6654
342,341,-0.57449
146,342,-0.3781
147,342,-0.6334
329,342,-0.48714
339,342,-0.39784
341,342,-0.57449
342,342,3.4103
343,342,-0.32957
351,342,-0.60974
131,343,-0.2868
147,343,-0.9457
329,343,-0.73198
332,343,-0.66676
333,343,-0.64094
342,343,-0.32957
343,343,3.6018
142,344,-0.70428
144,344,-0.58126
154,344,-0.70108
334,344,-0.4673
335,344,-0.71611
344,344,3.516
345,344,-0.34592
154,345,-0.69374
335,345,-0.69132
337,345,-0.31033
344,345,-0.34592
345,345,3.5559
346,345,-0.75084
352,345,-0.76379
337,346,-0.67243
338,346,-0.64781
345,346,-0.75084
346,346,3.6242
347,346,-0.97177
348,346,-0.36661
352,346,-0.21472
346,347,-0.97177
347,347,3.6846
348,347,-0.60418
352,347,-0.66357
353,347,-0.60367
354,347,-0.84142
338,348,-0.5823
346,348,-0.36661
347,348,-0.60418
348,348,3.4039
354,348,-0.30209
541,348,-0.4477
543,348,-0.52989
547,348,-0.57116
339,349,-0.60556
349,349,3.4711
350,349,-0.48177
351,349,-0.57534
355,349,-0.59854
356,349,-0.65064
357,349,-0.55925
339,350,-0.79433
340,350,-0.4931
349,350,-0.48177
350,350,3.5054
356,350,-0.54109
545,350,-0.69396
552,350,-0.50116
146,351,-0.71775
158,351,-0.393
339,351,-0.60304
342,351,-0.60974
349,351,-0.57534
351,351,3.4887
357,351,-0.58983
154,352,-0.27664
156,352,-0.66896
345,352,-0.76379
346,352,-0.21472
347,352,-0.66357
352,352,3.4788
353,352,-0.52923
358,352,-0.36186
347,353,-0.60367
352,353,-0.52923
353,353,3.4881
354,353,-0.46027
358,353,-0.73057
359,353,-0.51965
360,353,-0.64473
347,354,-0.84142
348,354,-0.30209
353,354,-0.46027
354,354,3.5588
360,354,-0.56102
547,354,-0.81135
553,354,-0.58269
349,355,-0.59854
355,355,3.4657
356,355,-0.53263
357,355,-0.58392
363,355,-0.61405
364,355,-0.59454
365,355,-0.54202
349,356,-0.65064
350,356,-0.54109
355,356,-0.53263
356,356,3.4698
363,356,-0.54412
552,356,-0.64112
559,356,-0.56017
158,357,-0.6976
166,357,-0.43587
349,357,-0.55925
351,357,-0.58983
355,357,-0.58392
357,357,3.4792
365,357,-0.61276
156,358,-0.7468
164,358,-0.45929
