1,1,0.00041284
2,1,8.3122e-05
3,1,8.309e-05
4,1,8.1872e-05
17,1,8.2154e-05
18,1,8.2599e-05
1,2,8.3122e-05
2,2,0.00051892
3,2,8.6502e-05
17,2,8.5282e-05
133,2,8.7676e-05
134,2,8.809e-05
150,2,8.8248e-05
1,3,8.309e-05
2,3,8.6502e-05
3,3,0.00052005
4,3,8.5792e-05
5,3,8.8405e-05
134,3,8.853e-05
135,3,8.7731e-05
1,4,8.1872e-05
3,4,8.5792e-05
4,4,0.00051924
5,4,8.8473e-05
6,4,8.6237e-05
18,4,8.7592e-05
19,4,8.9276e-05
3,5,8.8405e-05
4,5,8.8473e-05
5,5,0.00053353
6,5,8.8705e-05
7,5,8.9747e-05
135,5,8.8544e-05
136,5,8.9653e-05
4,6,8.6237e-05
5,6,8.8705e-05
6,6,0.00053191
7,6,8.9593e-05
8,6,8.8569e-05
19,6,8.8682e-05
20,6,9.0127e-05
5,7,8.9747e-05
6,7,8.9593e-05
7,7,0.00054374
8,7,9.0847e-05
9,7,9.015e-05
136,7,9.2129e-05
137,7,9.1278e-05
6,8,8.8569e-05
7,8,9.0847e-05
8,8,0.00054054
9,8,9.0856e-05
10,8,8.9461e-05
20,8,8.9962e-05
21,8,9.0845e-05
7,9,9.015e-05
8,9,9.0856e-05
9,9,0.00054146
10,9,8.9853e-05
11,9,9.0505e-05
137,9,8.9368e-05
138,9,9.0727e-05
8,10,8.9461e-05
9,10,8.9853e-05
10,10,0.00054079
11,10,9.0717e-05
12,10,8.9948e-05
21,10,9.0595e-05
22,10,9.0217e-05
9,11,9.0505e-05
10,11,9.0717e-05
11,11,0.00054451
12,11,9.0361e-05
13,11,9.0785e-05
138,11,9.0751e-05
139,11,9.1387e-05
10,12,8.9948e-05
11,12,9.0361e-05
12,12,0.00054227
13,12,9.0645e-05
14,12,9.0156e-05
22,12,9.0617e-05
23,12,9.054e-05
11,13,9.0785e-05
12,13,9.0645e-05
13,13,0.00054461
14,13,9.0415e-05
139,13,9.0675e-05
140,13,9.1105e-05
151,13,9.0985e-05
12,14,9.0156e-05
13,14,9.0415e-05
14,14,0.00054159
23,14,9.0702e-05
24,14,8.9681e-05
25,14,9.0184e-05
151,14,9.0457e-05
15,15,0.00052332
16,15,8.5975e-05
17,15,8.8432e-05
18,15,8.9489e-05
27,15,8.6194e-05
28,15,9.0213e-05
29,15,8.3013e-05
15,16,8.5975e-05
16,16,0.00052362
17,16,8.5883e-05
28,16,8.8763e-05
149,16,8.7163e-05
150,16,8.8327e-05
160,16,8.7507e-05
1,17,8.2154e-05
2,17,8.5282e-05
15,17,8.8432e-05
16,17,8.5883e-05
17,17,0.00051981
18,17,8.8738e-05
150,17,8.9317e-05
1,18,8.2599e-05
4,18,8.7592e-05
15,18,8.9489e-05
17,18,8.8738e-05
18,18,0.00061405
19,18,9.3695e-05
29,18,8.3418e-05
30,18,8.8519e-05
4,19,8.9276e-05
6,19,8.8682e-05
18,19,9.3695e-05
19,19,0.00054307
20,19,9.2344e-05
30,19,8.9918e-05
31,19,8.9161e-05
6,20,9.0127e-05
8,20,8.9962e-05
19,20,9.2344e-05
20,20,0.00054492
21,20,9.1394e-05
31,20,9.094e-05
32,20,9.0154e-05
8,21,9.0845e-05
10,21,9.0595e-05
20,21,9.1394e-05
21,21,0.0005452
22,21,9.0975e-05
32,21,9.0782e-05
33,21,9.0613e-05
10,22,9.0217e-05
12,22,9.0617e-05
21,22,9.0975e-05
22,22,0.00054412
23,22,9.1121e-05
33,22,9.0724e-05
34,22,9.0469e-05
12,23,9.054e-05
14,23,9.0702e-05
22,23,9.1121e-05
23,23,0.00054525
25,23,9.1581e-05
34,23,9.0505e-05
35,23,9.0804e-05
14,24,8.9681e-05
24,24,0.00054053
25,24,9.099e-05
26,24,9.0621e-05
151,24,9.0974e-05
152,24,8.9964e-05
161,24,8.8301e-05
14,25,9.0184e-05
23,25,9.1581e-05
24,25,9.099e-05
25,25,0.00054491
26,25,9.2258e-05
35,25,9.0013e-05
36,25,8.9884e-05
24,26,9.0621e-05
25,26,9.2258e-05
26,26,0.00055035
36,26,8.9916e-05
161,26,9.0365e-05
169,26,9.2554e-05
170,26,9.464e-05
15,27,8.6194e-05
27,27,0.00052012
28,27,8.8702e-05
29,27,8.3288e-05
37,27,8.8069e-05
38,27,8.7182e-05
39,27,8.6682e-05
15,28,9.0213e-05
16,28,8.8763e-05
27,28,8.8702e-05
28,28,0.00053533
38,28,8.8564e-05
160,28,8.8887e-05
168,28,9.0199e-05
15,29,8.3013e-05
18,29,8.3418e-05
27,29,8.3288e-05
29,29,0.00041519
30,29,8.213e-05
39,29,8.3339e-05
18,30,8.8519e-05
19,30,8.9918e-05
29,30,8.213e-05
30,30,0.00052296
31,30,8.6791e-05
39,30,8.6168e-05
40,30,8.943e-05
19,31,8.9161e-05
20,31,9.094e-05
30,31,8.6791e-05
31,31,0.00053579
32,31,8.871e-05
40,31,9.0022e-05
41,31,9.0162e-05
20,32,9.0154e-05
21,32,9.0782e-05
31,32,8.871e-05
32,32,0.00054051
33,32,8.9724e-05
41,32,9.0375e-05
42,32,9.0762e-05
21,33,9.0613e-05
22,33,9.0724e-05
32,33,8.9724e-05
33,33,0.00054263
34,33,9.0055e-05
42,33,9.0649e-05
43,33,9.0869e-05
22,34,9.0469e-05
23,34,9.0505e-05
33,34,9.0055e-05
34,34,0.0005423
35,34,8.9958e-05
43,34,9.0721e-05
44,34,9.0589e-05
23,35,9.0804e-05
25,35,9.0013e-05
34,35,8.9958e-05
35,35,0.00054123
36,35,8.9197e-05
44,35,9.0612e-05
45,35,9.0641e-05
25,36,8.9884e-05
26,36,8.9916e-05
35,36,8.9197e-05
36,36,0.00053405
45,36,9.0054e-05
46,36,8.791e-05
169,36,8.7085e-05
27,37,8.8069e-05
37,37,0.00054176
38,37,9.0581e-05
39,37,8.951e-05
47,37,9.079e-05
48,37,8.9797e-05
49,37,9.3015e-05
27,38,8.7182e-05
28,38,8.8564e-05
37,38,9.0581e-05
38,38,0.00053785
48,38,9.0591e-05
168,38,9.1149e-05
178,38,8.9779e-05
27,39,8.6682e-05
29,39,8.3339e-05
30,39,8.6168e-05
37,39,8.951e-05
39,39,0.00052496
40,39,8.9633e-05
49,39,8.963e-05
30,40,8.943e-05
31,40,9.0022e-05
39,40,8.9633e-05
40,40,0.00054481
41,40,9.0468e-05
49,40,9.2504e-05
50,40,9.2748e-05
31,41,9.0162e-05
32,41,9.0375e-05
40,41,9.0468e-05
41,41,0.00054554
42,41,9.1014e-05
50,41,9.1594e-05
51,41,9.1926e-05
32,42,9.0762e-05
33,42,9.0649e-05
41,42,9.1014e-05
42,42,0.00054637
43,42,9.1163e-05
51,42,9.1263e-05
52,42,9.1525e-05
33,43,9.0869e-05
34,43,9.0721e-05
42,43,9.1163e-05
43,43,0.00054605
44,43,9.1098e-05
52,43,9.1058e-05
53,43,9.114e-05
34,44,9.0589e-05
35,44,9.0612e-05
43,44,9.1098e-05
44,44,0.00054483
45,44,9.1134e-05
53,44,9.0692e-05
54,44,9.0706e-05
35,45,9.0641e-05
36,45,9.0054e-05
44,45,9.1134e-05
45,45,0.00054463
46,45,9.1578e-05
54,45,9.0095e-05
55,45,9.1127e-05
36,46,8.791e-05
45,46,9.1578e-05
46,46,0.00053291
55,46,8.7798e-05
56,46,8.3836e-05
169,46,9.1039e-05
179,46,9.0745e-05
37,47,9.079e-05
47,47,0.00053791
48,47,8.8172e-05
49,47,9.1814e-05
57,47,8.8969e-05
58,47,9.2708e-05
59,47,8.5458e-05
37,48,8.9797e-05
38,48,9.0591e-05
47,48,8.8172e-05
48,48,0.00054063
58,48,9.0348e-05
178,48,9.0172e-05
189,48,9.1554e-05
37,49,9.3015e-05
39,49,8.963e-05
40,49,9.2504e-05
47,49,9.1814e-05
49,49,0.00064201
50,49,9.7342e-05
59,49,8.6293e-05
60,49,9.1407e-05
40,50,9.2748e-05
41,50,9.1594e-05
49,50,9.7342e-05
50,50,0.00056136
51,50,9.3994e-05
60,50,9.3936e-05
61,50,9.1741e-05
41,51,9.1926e-05
42,51,9.1263e-05
50,51,9.3994e-05
51,51,0.00055337
52,51,9.2369e-05
61,51,9.2388e-05
62,51,9.1426e-05
42,52,9.1525e-05
43,52,9.1058e-05
51,52,9.2369e-05
52,52,0.00054917
53,52,9.1294e-05
62,52,9.1766e-05
63,52,9.1157e-05
43,53,9.114e-05
44,53,9.0692e-05
52,53,9.1294e-05
53,53,0.00054534
54,53,9.015e-05
63,53,9.1381e-05
64,53,9.0685e-05
44,54,9.0706e-05
45,54,9.0095e-05
53,54,9.015e-05
54,54,0.00054003
55,54,8.8337e-05
64,54,9.097e-05
65,54,8.9768e-05
45,55,9.1127e-05
46,55,8.7798e-05
54,55,8.8337e-05
55,55,0.00053301
56,55,8.4739e-05
65,55,9.0641e-05
66,55,9.0372e-05
46,56,8.3836e-05
55,56,8.4739e-05
56,56,0.00042033
66,56,8.4632e-05
179,56,8.4053e-05
190,56,8.307e-05
47,57,8.8969e-05
57,57,0.00054126
58,57,9.2665e-05
59,57,8.5823e-05
67,57,9.2142e-05
68,57,8.8905e-05
69,57,9.2756e-05
47,58,9.2708e-05
48,58,9.0348e-05
57,58,9.2665e-05
58,58,0.00054917
68,58,8.9216e-05
189,58,9.2663e-05
199,58,9.1574e-05
47,59,8.5458e-05
49,59,8.6293e-05
57,59,8.5823e-05
59,59,0.00042904
60,59,8.4622e-05
69,59,8.6849e-05
49,60,9.1407e-05
50,60,9.3936e-05
59,60,8.4622e-05
60,60,0.00054398
61,60,8.9396e-05
69,60,9.1189e-05
70,60,9.3434e-05
50,61,9.1741e-05
51,61,9.2388e-05
60,61,8.9396e-05
61,61,0.00054807
62,61,9.0857e-05
70,61,9.1436e-05
71,61,9.2249e-05
51,62,9.1426e-05
52,62,9.1766e-05
61,62,9.0857e-05
62,62,0.00054852
63,62,9.1347e-05
71,62,9.1489e-05
72,62,9.1639e-05
52,63,9.1157e-05
53,63,9.1381e-05
62,63,9.1347e-05
63,63,0.00054805
64,63,9.1637e-05
72,63,9.1229e-05
73,63,9.1296e-05
53,64,9.0685e-05
54,64,9.097e-05
63,64,9.1637e-05
64,64,0.00054687
65,64,9.2415e-05
73,64,9.0336e-05
74,64,9.0829e-05
54,65,8.9768e-05
55,65,9.0641e-05
64,65,9.2415e-05
65,65,0.00054672
66,65,9.4008e-05
74,65,8.9585e-05
75,65,9.0304e-05
55,66,9.0372e-05
56,66,8.4632e-05
65,66,9.4008e-05
66,66,0.00062253
75,66,8.9105e-05
76,66,8.3426e-05
190,66,9.0571e-05
200,66,9.0415e-05
57,67,9.2142e-05
67,67,0.0005364
68,67,8.6756e-05
69,67,9.064e-05
77,67,9.1841e-05
78,67,8.4215e-05
79,67,9.0803e-05
57,68,8.8905e-05
58,68,8.9216e-05
67,68,8.6756e-05
68,68,0.00053189
77,68,8.7458e-05
199,68,8.9583e-05
208,68,8.9974e-05
57,69,9.2756e-05
59,69,8.6849e-05
60,69,9.1189e-05
67,69,9.064e-05
69,69,0.00063374
70,69,9.6307e-05
78,69,8.5402e-05
80,69,9.0601e-05
60,70,9.3434e-05
61,70,9.1436e-05
69,70,9.6307e-05
70,70,0.00055757
71,70,9.3648e-05
80,70,9.1701e-05
81,70,9.104e-05
61,71,9.2249e-05
62,71,9.1489e-05
70,71,9.3648e-05
71,71,0.00055257
72,71,9.208e-05
81,71,9.1954e-05
82,71,9.1147e-05
62,72,9.1639e-05
63,72,9.1229e-05
71,72,9.208e-05
72,72,0.00054854
73,72,9.0755e-05
82,72,9.1874e-05
83,72,9.0959e-05
63,73,9.1296e-05
64,73,9.0336e-05
72,73,9.0755e-05
73,73,0.00054288
74,73,8.956e-05
83,73,9.0585e-05
84,73,9.035e-05
64,74,9.0829e-05
65,74,8.9585e-05
73,74,8.956e-05
74,74,0.00053698
75,74,8.7486e-05
84,74,9.0178e-05
86,74,8.9348e-05
65,75,9.0304e-05
66,75,8.9105e-05
74,75,8.7486e-05
75,75,0.00052625
76,75,8.3026e-05
85,75,8.6532e-05
86,75,8.9793e-05
66,76,8.3426e-05
75,76,8.3026e-05
76,76,0.00041696
85,76,8.3676e-05
200,76,8.2595e-05
209,76,8.4237e-05
67,77,9.1841e-05
68,77,8.7458e-05
77,77,0.00052976
79,77,9.0621e-05
208,77,9.0247e-05
216,77,8.6802e-05
217,77,8.2793e-05
67,78,8.4215e-05
69,78,8.5402e-05
78,78,0.00042537
79,78,8.5666e-05
80,78,8.4694e-05
87,78,8.5393e-05
67,79,9.0803e-05
77,79,9.0621e-05
78,79,8.5666e-05
79,79,0.00062375
87,79,9.0328e-05
217,79,8.322e-05
227,79,8.9039e-05
228,79,9.4078e-05
69,80,9.0601e-05
70,80,9.1701e-05
78,80,8.4694e-05
80,80,0.00053497
81,80,8.8776e-05
87,80,8.811e-05
88,80,9.1093e-05
70,81,9.104e-05
71,81,9.1954e-05
80,81,8.8776e-05
81,81,0.00054415
82,81,9.0329e-05
88,81,9.0707e-05
89,81,9.1345e-05
71,82,9.1147e-05
72,82,9.1874e-05
81,82,9.0329e-05
82,82,0.00054707
83,82,9.0403e-05
89,82,9.1985e-05
90,82,9.1332e-05
72,83,9.0959e-05
73,83,9.0585e-05
82,83,9.0403e-05
83,83,0.00054309
84,83,9.0348e-05
90,83,9.0238e-05
91,83,9.0556e-05
73,84,9.035e-05
74,84,9.0178e-05
83,84,9.0348e-05
84,84,0.00054208
86,84,9.0117e-05
91,84,9.0574e-05
92,84,9.0516e-05
75,85,8.6532e-05
76,85,8.3676e-05
85,85,0.00052253
86,85,8.8934e-05
209,85,8.7264e-05
218,85,8.747e-05
219,85,8.8656e-05
74,86,8.9348e-05
75,86,8.9793e-05
84,86,9.0117e-05
85,86,8.8934e-05
86,86,0.00053737
92,86,9.0401e-05
218,86,8.8773e-05
78,87,8.5393e-05
79,87,9.0328e-05
80,87,8.811e-05
87,87,0.00053614
88,87,9.1486e-05
228,87,9.1189e-05
229,87,8.963e-05
80,88,9.1093e-05
81,88,9.0707e-05
87,88,9.1486e-05
88,88,0.00054652
89,88,9.1614e-05
229,88,9.0553e-05
230,88,9.1068e-05
81,89,9.1345e-05
82,89,9.1985e-05
88,89,9.1614e-05
89,89,0.00054994
90,89,9.0734e-05
230,89,9.2889e-05
231,89,9.1369e-05
82,90,9.1332e-05
83,90,9.0238e-05
89,90,9.0734e-05
90,90,0.00054265
91,90,9.0798e-05
231,90,8.9197e-05
232,90,9.0355e-05
83,91,9.0556e-05
84,91,9.0574e-05
90,91,9.0798e-05
91,91,0.00054392
92,91,9.0779e-05
232,91,9.0625e-05
233,91,9.0589e-05
84,92,9.0516e-05
86,92,9.0401e-05
91,92,9.0779e-05
92,92,0.00054453
218,92,9.1153e-05
233,92,9.0597e-05
234,92,9.1086e-05
93,93,0.00053397
94,93,9.3669e-05
96,93,8.9289e-05
97,93,8.8957e-05
104,93,8.8293e-05
106,93,8.4026e-05
107,93,8.9734e-05
93,94,9.3669e-05
94,94,0.0006332
95,94,9.2213e-05
97,94,9.098e-05
104,94,9.0375e-05
105,94,8.3565e-05
294,94,9.3685e-05
311,94,8.871e-05
94,95,9.2213e-05
95,95,0.00052992
97,95,8.8366e-05
280,95,8.8901e-05
294,95,8.7694e-05
295,95,8.3339e-05
296,95,8.9409e-05
93,96,8.9289e-05
96,96,0.00053741
97,96,8.8527e-05
98,96,9.0009e-05
107,96,8.9574e-05
108,96,9.0605e-05
109,96,8.9407e-05
93,97,8.8957e-05
94,97,9.098e-05
95,97,8.8366e-05
96,97,8.8527e-05
97,97,0.00053686
98,97,9.1108e-05
296,97,8.8925e-05
96,98,9.0009e-05
97,98,9.1108e-05
98,98,0.00054252
108,98,9.0408e-05
296,98,9.0341e-05
297,98,8.9746e-05
312,98,9.0912e-05
99,99,0.00054754
100,99,9.018e-05
102,99,9.1619e-05
103,99,9.4089e-05
117,99,8.9833e-05
118,99,9.1973e-05
119,99,8.985e-05
99,100,9.018e-05
100,100,0.00052532
101,100,8.3142e-05
103,100,8.7548e-05
117,100,8.649e-05
308,100,8.8622e-05
323,100,8.9338e-05
100,101,8.3142e-05
101,101,0.00040992
103,101,8.0803e-05
308,101,8.2286e-05
309,101,8.2674e-05
310,101,8.1012e-05
99,102,9.1619e-05
102,102,0.00054334
103,102,9.2912e-05
104,102,8.9234e-05
105,102,8.4444e-05
119,102,8.9522e-05
120,102,9.5606e-05
99,103,9.4089e-05
100,103,8.7548e-05
101,103,8.0803e-05
102,103,9.2912e-05
103,103,0.00061673
105,103,8.4565e-05
310,103,8.8049e-05
311,103,8.8761e-05
93,104,8.8293e-05
94,104,9.0375e-05
102,104,8.9234e-05
104,104,0.00052118
105,104,8.174e-05
106,104,8.098e-05
120,104,9.0556e-05
94,105,8.3565e-05
102,105,8.4444e-05
103,105,8.4565e-05
104,105,8.174e-05
105,105,0.00041573
311,105,8.1414e-05
93,106,8.4026e-05
104,106,8.098e-05
106,106,0.00041188
107,106,8.3788e-05
120,106,8.2226e-05
121,106,8.0856e-05
93,107,8.9734e-05
96,107,8.9574e-05
106,107,8.3788e-05
107,107,0.00052868
109,107,8.8408e-05
121,107,8.6198e-05
122,107,9.0978e-05
96,108,9.0605e-05
98,108,9.0408e-05
108,108,0.00054554
109,108,9.0986e-05
110,108,9.1262e-05
111,108,9.1378e-05
312,108,9.0905e-05
96,109,8.9407e-05
107,109,8.8408e-05
108,109,9.0986e-05
109,109,0.00054111
110,109,9.1181e-05
122,109,8.9965e-05
123,109,9.116e-05
108,110,9.1262e-05
109,110,9.1181e-05
110,110,0.00055298
111,110,9.2621e-05
112,110,9.3983e-05
123,110,9.1245e-05
124,110,9.2688e-05
108,111,9.1378e-05
110,111,9.2621e-05
111,111,0.00055447
112,111,9.5434e-05
113,111,9.1684e-05
312,111,9.2929e-05
313,111,9.0422e-05
110,112,9.3983e-05
111,112,9.5434e-05
112,112,0.00064614
113,112,9.1145e-05
114,112,8.4405e-05
124,112,9.4782e-05
125,112,9.613e-05
126,112,9.0265e-05
111,113,9.1684e-05
112,113,9.1145e-05
113,113,0.00053414
114,113,8.414e-05
313,113,8.7895e-05
314,113,9.1244e-05
315,113,8.8028e-05
112,114,8.4405e-05
113,114,8.414e-05
114,114,0.0004193
126,114,8.3266e-05
315,114,8.3792e-05
324,114,8.3695e-05
115,115,0.00054425
116,115,9.3788e-05
117,115,8.9711e-05
118,115,8.9258e-05
129,115,9.1167e-05
132,115,8.9079e-05
133,115,9.1246e-05
115,116,9.3788e-05
116,116,0.0006438
117,116,9.2573e-05
129,116,9.2397e-05
131,116,9.0247e-05
322,116,9.1988e-05
323,116,9.1475e-05
333,116,9.1329e-05
99,117,8.9833e-05
100,117,8.649e-05
115,117,8.9711e-05
116,117,9.2573e-05
117,117,0.00053523
118,117,8.8554e-05
323,117,8.8073e-05
99,118,9.1973e-05
115,118,8.9258e-05
117,118,8.8554e-05
118,118,0.00054105
119,118,9.0954e-05
133,118,9.1018e-05
134,118,8.9295e-05
99,119,8.985e-05
102,119,8.9522e-05
118,119,9.0954e-05
119,119,0.00054145
120,119,9.2002e-05
134,119,8.8873e-05
135,119,9.0249e-05
102,120,9.5606e-05
104,120,9.0556e-05
106,120,8.2226e-05
119,120,9.2002e-05
120,120,0.00063497
121,120,8.9551e-05
135,120,9.1272e-05
136,120,9.3756e-05
106,121,8.0856e-05
107,121,8.6198e-05
120,121,8.9551e-05
121,121,0.00052516
122,121,9.1255e-05
136,121,9.0468e-05
137,121,8.683e-05
107,122,9.0978e-05
109,122,8.9965e-05
121,122,9.1255e-05
122,122,0.00054445
123,122,9.1396e-05
137,122,8.9851e-05
138,122,9.1006e-05
109,123,9.116e-05
110,123,9.1245e-05
122,123,9.1396e-05
123,123,0.00054775
124,123,9.1641e-05
138,123,9.1073e-05
139,123,9.1232e-05
110,124,9.2688e-05
112,124,9.4782e-05
123,124,9.1641e-05
124,124,0.0005558
125,124,9.2717e-05
139,124,9.2493e-05
140,124,9.1475e-05
112,125,9.613e-05
124,125,9.2717e-05
125,125,0.00055514
126,125,9.211e-05
127,125,9.0091e-05
140,125,9.1347e-05
141,125,9.2742e-05
112,126,9.0265e-05
114,126,8.3266e-05
125,126,9.211e-05
126,126,0.00053057
127,126,8.713e-05
128,126,8.9908e-05
324,126,8.7888e-05
125,127,9.0091e-05
126,127,8.713e-05
127,127,0.00053498
128,127,8.9044e-05
141,127,9.0643e-05
142,127,8.9718e-05
143,127,8.8357e-05
126,128,8.9908e-05
127,128,8.9044e-05
128,128,0.00053291
142,128,9.0807e-05
324,128,8.9362e-05
325,128,8.5739e-05
334,128,8.8048e-05
115,129,9.1167e-05
116,129,9.2397e-05
129,129,0.00054093
130,129,8.8679e-05
131,129,8.9512e-05
132,129,8.9389e-05
148,129,8.9785e-05
129,130,8.8679e-05
130,130,0.00052233
131,130,8.705e-05
145,130,8.9009e-05
146,130,8.7251e-05
147,130,8.3476e-05
148,130,8.6863e-05
116,131,9.0247e-05
129,131,8.9512e-05
130,131,8.705e-05
131,131,0.00052415
147,131,8.4083e-05
333,131,8.8479e-05
343,131,8.4777e-05
115,132,8.9079e-05
129,132,8.9389e-05
132,132,0.00053563
133,132,8.9899e-05
148,132,8.9154e-05
149,132,8.8528e-05
150,132,8.9584e-05
2,133,8.7676e-05
115,133,9.1246e-05
118,133,9.1018e-05
132,133,8.9899e-05
133,133,0.00053719
134,133,8.8755e-05
150,133,8.8592e-05
2,134,8.809e-05
3,134,8.853e-05
118,134,8.9295e-05
119,134,8.8873e-05
133,134,8.8755e-05
134,134,0.00053232
135,134,8.8772e-05
3,135,8.7731e-05
5,135,8.8544e-05
119,135,9.0249e-05
120,135,9.1272e-05
134,135,8.8772e-05
135,135,0.00053718
136,135,9.0608e-05
5,136,8.9653e-05
7,136,9.2129e-05
120,136,9.3756e-05
121,136,9.0468e-05
135,136,9.0608e-05
136,136,0.00054641
137,136,8.9796e-05
7,137,9.1278e-05
9,137,8.9368e-05
121,137,8.683e-05
122,137,8.9851e-05
136,137,8.9796e-05
137,137,0.00053803
138,137,9.0908e-05
9,138,9.0727e-05
11,138,9.0751e-05
122,138,9.1006e-05
123,138,9.1073e-05
137,138,9.0908e-05
138,138,0.00054546
139,138,9.0998e-05
11,139,9.1387e-05
13,139,9.0675e-05
123,139,9.1232e-05
124,139,9.2493e-05
138,139,9.0998e-05
139,139,0.00054833
140,139,9.1547e-05
13,140,9.1105e-05
124,140,9.1475e-05
125,140,9.1347e-05
139,140,9.1547e-05
140,140,0.00054808
141,140,9.146e-05
151,140,9.1147e-05
125,141,9.2742e-05
127,141,9.0643e-05
140,141,9.146e-05
141,141,0.00054716
143,141,9.0296e-05
151,141,9.0542e-05
152,141,9.1476e-05
127,142,8.9718e-05
128,142,9.0807e-05
142,142,0.00054215
143,142,9.0891e-05
144,142,9.0927e-05
334,142,9.0428e-05
344,142,8.9375e-05
127,143,8.8357e-05
141,143,9.0296e-05
142,143,9.0891e-05
143,143,0.00053746
144,143,8.9886e-05
152,143,9.0488e-05
153,143,8.7544e-05
142,144,9.0927e-05
143,144,8.9886e-05
144,144,0.00054022
153,144,8.9129e-05
154,144,9.0052e-05
155,144,9.3889e-05
344,144,8.6333e-05
130,145,8.9009e-05
145,145,0.00053605
146,145,8.9797e-05
148,145,8.9097e-05
157,145,8.9129e-05
158,145,8.9044e-05
159,145,8.997e-05
130,146,8.7251e-05
145,146,8.9797e-05
146,146,0.00052535
147,146,8.3367e-05
158,146,8.663e-05
342,146,8.8796e-05
351,146,8.9513e-05
130,147,8.3476e-05
131,147,8.4083e-05
146,147,8.3367e-05
147,147,0.00041694
342,147,8.3755e-05
343,147,8.2258e-05
129,148,8.9785e-05
130,148,8.6863e-05
132,148,8.9154e-05
145,148,8.9097e-05
148,148,0.00053265
149,148,8.7441e-05
159,148,9.0306e-05
16,149,8.7163e-05
132,149,8.8528e-05
148,149,8.7441e-05
149,149,0.00052859
150,149,8.8248e-05
159,149,8.8604e-05
160,149,8.8605e-05
2,150,8.8248e-05
16,150,8.8327e-05
17,150,8.9317e-05
132,150,8.9584e-05
133,150,8.8592e-05
149,150,8.8248e-05
150,150,0.00053232
13,151,9.0985e-05
14,151,9.0457e-05
24,151,9.0974e-05
140,151,9.1147e-05
141,151,9.0542e-05
151,151,0.000545
152,151,9.0897e-05
24,152,8.9964e-05
141,152,9.1476e-05
143,152,9.0488e-05
151,152,9.0897e-05
152,152,0.00054418
153,152,9.0652e-05
161,152,9.0706e-05
143,153,8.7544e-05
144,153,8.9129e-05
152,153,9.0652e-05
153,153,0.00053061
155,153,8.982e-05
161,153,8.7939e-05
162,153,8.5522e-05
144,154,9.0052e-05
154,154,0.00052398
155,154,8.9239e-05
156,154,8.2915e-05
344,154,8.5999e-05
345,154,8.9023e-05
352,154,8.6753e-05
144,155,9.3889e-05
153,155,8.982e-05
154,155,8.9239e-05
155,155,0.0006249
156,155,8.5489e-05
162,155,8.5485e-05
163,155,8.9239e-05
164,155,9.1737e-05
154,156,8.2915e-05
155,156,8.5489e-05
156,156,0.00042213
164,156,8.4764e-05
352,156,8.4964e-05
358,156,8.4e-05
145,157,8.9129e-05
157,157,0.00053479
158,157,8.9754e-05
159,157,8.9827e-05
165,157,8.7814e-05
166,157,8.8778e-05
167,157,8.9488e-05
145,158,8.9044e-05
146,158,8.663e-05
157,158,8.9754e-05
158,158,0.00053209
166,158,8.7671e-05
351,158,8.9331e-05
357,158,8.9661e-05
145,159,8.997e-05
148,159,9.0306e-05
149,159,8.8604e-05
157,159,8.9827e-05
159,159,0.00053875
160,159,8.9241e-05
167,159,9.0801e-05
16,160,8.7507e-05
28,160,8.8887e-05
149,160,8.8605e-05
159,160,8.9241e-05
160,160,0.00053277
167,160,8.8891e-05
168,160,8.9635e-05
24,161,8.8301e-05
26,161,9.0365e-05
152,161,9.0706e-05
153,161,8.7939e-05
161,161,0.00053141
162,161,8.4635e-05
170,161,8.9466e-05
153,162,8.5522e-05
155,162,8.5485e-05
161,162,8.4635e-05
162,162,0.00042335
163,162,8.3209e-05
170,162,8.4502e-05
155,163,8.9239e-05
162,163,8.3209e-05
163,163,0.0005295
164,163,9.0936e-05
170,163,8.765e-05
171,163,9.0606e-05
172,163,8.7862e-05
155,164,9.1737e-05
156,164,8.4764e-05
163,164,9.0936e-05
164,164,0.00053459
172,164,8.7825e-05
358,164,8.7732e-05
366,164,9.1593e-05
157,165,8.7814e-05
165,165,0.00052653
166,165,8.8873e-05
167,165,8.9395e-05
175,165,8.7531e-05
176,165,8.4998e-05
177,165,8.792e-05
157,166,8.8778e-05
158,166,8.7671e-05
165,166,8.8873e-05
166,166,0.00053126
175,166,8.7795e-05
357,166,8.9055e-05
365,166,8.9085e-05
157,167,8.9488e-05
159,167,9.0801e-05
160,167,8.8891e-05
165,167,8.9395e-05
167,167,0.00054101
168,167,9.031e-05
177,167,9.2126e-05
28,168,9.0199e-05
38,168,9.1149e-05
160,168,8.9635e-05
167,168,9.031e-05
168,168,0.00054206
177,168,9.0247e-05
178,168,9.0523e-05
26,169,9.2554e-05
36,169,8.7085e-05
46,169,9.1039e-05
169,169,0.00053274
170,169,8.8994e-05
179,169,9.0294e-05
180,169,8.2779e-05
26,170,9.464e-05
161,170,8.9466e-05
162,170,8.4502e-05
163,170,8.765e-05
169,170,8.8994e-05
170,170,0.00061819
171,170,8.9077e-05
180,170,8.3857e-05
163,171,9.0606e-05
170,171,8.9077e-05
171,171,0.00052446
172,171,8.6419e-05
180,171,8.422e-05
181,171,8.6735e-05
182,171,8.7406e-05
163,172,8.7862e-05
164,172,8.7825e-05
171,172,8.6419e-05
172,172,0.0005332
182,172,8.8451e-05
184,172,9.2354e-05
366,172,9.0285e-05
173,173,0.00052033
174,173,8.7156e-05
175,173,8.8088e-05
176,173,8.586e-05
185,173,8.7151e-05
186,173,8.8174e-05
187,173,8.3905e-05
173,174,8.7156e-05
174,174,0.00053181
175,174,8.8325e-05
186,174,8.8833e-05
364,174,8.8747e-05
365,174,8.9644e-05
373,174,8.9106e-05
165,175,8.7531e-05
166,175,8.7795e-05
173,175,8.8088e-05
174,175,8.8325e-05
175,175,0.00052957
176,175,8.8666e-05
365,175,8.9166e-05
165,176,8.4998e-05
173,176,8.586e-05
175,176,8.8666e-05
176,176,0.00051665
177,176,8.8614e-05
187,176,8.1043e-05
188,176,8.7465e-05
165,177,8.792e-05
167,177,9.2126e-05
168,177,9.0247e-05
176,177,8.8614e-05
177,177,0.00054421
178,177,9.1364e-05
188,177,9.3937e-05
38,178,8.9779e-05
48,178,9.0172e-05
168,178,9.0523e-05
177,178,9.1364e-05
178,178,0.00054607
188,178,9.2339e-05
189,178,9.1891e-05
46,179,9.0745e-05
56,179,8.4053e-05
169,179,9.0294e-05
179,179,0.00062033
180,179,8.3913e-05
181,179,8.9322e-05
190,179,8.8194e-05
191,179,9.381e-05
169,180,8.2779e-05
170,180,8.3857e-05
171,180,8.422e-05
179,180,8.3913e-05
180,180,0.00041801
181,180,8.3245e-05
171,181,8.6735e-05
179,181,8.9322e-05
180,181,8.3245e-05
181,181,0.00052428
182,181,8.9306e-05
191,181,8.9586e-05
192,181,8.6081e-05
171,182,8.7406e-05
172,182,8.8451e-05
181,182,8.9306e-05
182,182,0.00051933
183,182,8.191e-05
184,182,8.7518e-05
192,182,8.4743e-05
182,183,8.191e-05
183,183,0.00041457
184,183,8.2076e-05
192,183,8.3625e-05
193,183,8.4275e-05
194,183,8.2687e-05
172,184,9.2354e-05
182,184,8.7518e-05
183,184,8.2076e-05
184,184,0.00063144
194,184,8.9126e-05
366,184,9.2621e-05
367,184,9.3265e-05
374,184,9.4479e-05
173,185,8.7151e-05
185,185,0.00052095
186,185,8.7896e-05
187,185,8.4391e-05
195,185,8.7074e-05
196,185,8.6252e-05
197,185,8.8189e-05
173,186,8.8174e-05
174,186,8.8833e-05
185,186,8.7896e-05
186,186,0.00053095
195,186,8.855e-05
373,186,8.8753e-05
379,186,8.8748e-05
173,187,8.3905e-05
176,187,8.1043e-05
185,187,8.4391e-05
187,187,0.00041259
188,187,8.1164e-05
196,187,8.2092e-05
176,188,8.7465e-05
177,188,9.3937e-05
178,188,9.2339e-05
187,188,8.1164e-05
188,188,0.00063277
189,188,9.3991e-05
196,188,8.8158e-05
198,188,9.5719e-05
48,189,9.1554e-05
58,189,9.2663e-05
178,189,9.1891e-05
188,189,9.3991e-05
189,189,0.00055413
198,189,9.2509e-05
199,189,9.1518e-05
56,190,8.307e-05
66,190,9.0571e-05
179,190,8.8194e-05
190,190,0.00053017
191,190,9.1117e-05
200,190,9.0898e-05
201,190,8.632e-05
179,191,9.381e-05
181,191,8.9586e-05
190,191,9.1117e-05
191,191,0.0005417
192,191,8.7358e-05
201,191,8.968e-05
202,191,9.0145e-05
181,192,8.6081e-05
182,192,8.4743e-05
183,192,8.3625e-05
191,192,8.7358e-05
192,192,0.00051625
193,192,8.6024e-05
202,192,8.8419e-05
183,193,8.4275e-05
192,193,8.6024e-05
193,193,0.00051812
194,193,8.5857e-05
202,193,8.7342e-05
203,193,8.7445e-05
204,193,8.7182e-05
183,194,8.2687e-05
184,194,8.9126e-05
193,194,8.5857e-05
194,194,0.00052357
203,194,8.8875e-05
374,194,9.0223e-05
380,194,8.6802e-05
185,195,8.7074e-05
186,195,8.855e-05
195,195,0.00053036
197,195,8.8363e-05
379,195,8.8815e-05
385,195,8.8267e-05
386,195,8.9291e-05
185,196,8.6252e-05
187,196,8.2092e-05
188,196,8.8158e-05
196,196,0.00052397
197,196,8.9635e-05
198,196,9.0258e-05
205,196,8.7576e-05
185,197,8.8189e-05
195,197,8.8363e-05
196,197,8.9635e-05
197,197,0.00053383
205,197,8.9213e-05
206,197,8.8915e-05
386,197,8.9511e-05
188,198,9.5719e-05
189,198,9.2509e-05
196,198,9.0258e-05
198,198,0.00055195
199,198,9.0878e-05
205,198,8.9376e-05
207,198,9.3207e-05
58,199,9.1574e-05
68,199,8.9583e-05
189,199,9.1518e-05
198,199,9.0878e-05
199,199,0.00054506
207,199,9.1431e-05
208,199,9.0081e-05
66,200,9.0415e-05
76,200,8.2595e-05
190,200,9.0898e-05
200,200,0.00052758
201,200,8.6843e-05
209,200,8.6531e-05
210,200,9.0296e-05
190,201,8.632e-05
191,201,8.968e-05
200,201,8.6843e-05
201,201,0.00052993
202,201,8.821e-05
210,201,9.0437e-05
211,201,8.8444e-05
191,202,9.0145e-05
192,202,8.8419e-05
193,202,8.7342e-05
201,202,8.821e-05
202,202,0.00053266
204,202,8.9702e-05
211,202,8.8844e-05
193,203,8.7445e-05
194,203,8.8875e-05
203,203,0.00052986
204,203,8.7868e-05
380,203,8.8402e-05
387,203,8.9082e-05
388,203,8.8186e-05
193,204,8.7182e-05
202,204,8.9702e-05
203,204,8.7868e-05
204,204,0.00053257
211,204,8.9678e-05
212,204,8.8716e-05
387,204,8.9425e-05
196,205,8.7576e-05
197,205,8.9213e-05
198,205,8.9376e-05
205,205,0.0005396
206,205,9.0666e-05
207,205,9.156e-05
213,205,9.1213e-05
197,206,8.8915e-05
205,206,9.0666e-05
206,206,0.00053738
213,206,8.9713e-05
214,206,8.8419e-05
386,206,8.9605e-05
394,206,9.0062e-05
198,207,9.3207e-05
199,207,9.1431e-05
205,207,9.156e-05
207,207,0.00054908
208,207,9.1644e-05
213,207,8.9689e-05
215,207,9.1548e-05
68,208,8.9974e-05
77,208,9.0247e-05
199,208,9.0081e-05
207,208,9.1644e-05
208,208,0.00054184
215,208,9.0593e-05
216,208,8.9302e-05
76,209,8.4237e-05
85,209,8.7264e-05
200,209,8.6531e-05
209,209,0.00053081
210,209,9.0468e-05
219,209,9.0702e-05
220,209,9.1613e-05
200,210,9.0296e-05
201,210,9.0437e-05
209,210,9.0468e-05
210,210,0.00054641
211,210,8.9844e-05
220,210,9.3064e-05
221,210,9.2299e-05
201,211,8.8444e-05
202,211,8.8844e-05
204,211,8.9678e-05
210,211,8.9844e-05
211,211,0.00053771
212,211,9.0167e-05
221,211,9.0732e-05
204,212,8.8716e-05
211,212,9.0167e-05
212,212,0.00054286
221,212,9.2714e-05
222,212,9.0798e-05
387,212,9.0466e-05
395,212,9e-05
205,213,9.1213e-05
206,213,8.9713e-05
207,213,8.9689e-05
213,213,0.00054751
214,213,9.156e-05
215,213,9.098e-05
225,213,9.4351e-05
206,214,8.8419e-05
213,214,9.156e-05
214,214,0.0005384
223,214,8.5925e-05
225,214,9.2473e-05
394,214,9.1713e-05
401,214,8.8306e-05
207,215,9.1548e-05
208,215,9.0593e-05
213,215,9.098e-05
215,215,0.00054634
216,215,8.7454e-05
224,215,9.16e-05
225,215,9.417e-05
77,216,8.6802e-05
208,216,8.9302e-05
215,216,8.7454e-05
216,216,0.00052439
217,216,8.3278e-05
224,216,8.9617e-05
226,216,8.794e-05
77,217,8.2793e-05
79,217,8.322e-05
216,217,8.3278e-05
217,217,0.00041566
226,217,8.3523e-05
227,217,8.2844e-05
85,218,8.747e-05
86,218,8.8773e-05
92,218,9.1153e-05
218,218,0.00053829
219,218,9.1151e-05
234,218,8.922e-05
235,218,9.0521e-05
85,219,8.8656e-05
209,219,9.0702e-05
218,219,9.1151e-05
219,219,0.0005467
220,219,9.4184e-05
235,219,9.051e-05
236,219,9.1498e-05
209,220,9.1613e-05
210,220,9.3064e-05
219,220,9.4184e-05
220,220,0.00065138
221,220,9.7085e-05
236,220,9.409e-05
237,220,9.224e-05
238,220,8.9107e-05
210,221,9.2299e-05
211,221,9.0732e-05
212,221,9.2714e-05
220,221,9.7085e-05
221,221,0.00055616
222,221,9.0265e-05
237,221,9.3068e-05
212,222,9.0798e-05
221,222,9.0265e-05
222,222,0.00053874
237,222,8.9099e-05
395,222,8.8911e-05
402,222,8.9473e-05
409,222,9.0194e-05
214,223,8.5925e-05
223,223,0.00042947
225,223,8.6716e-05
401,223,8.5779e-05
407,223,8.6656e-05
408,223,8.4397e-05
215,224,9.16e-05
216,224,8.9617e-05
224,224,0.0005469
225,224,9.3751e-05
226,224,9.1122e-05
239,224,9.073e-05
241,224,9.0085e-05
213,225,9.4351e-05
214,225,9.2473e-05
215,225,9.417e-05
223,225,8.6716e-05
224,225,9.3751e-05
225,225,0.00064877
239,225,9.5588e-05
408,225,9.1724e-05
216,226,8.794e-05
217,226,8.3523e-05
224,226,9.1122e-05
226,226,0.00052858
227,226,8.7165e-05
240,226,8.9643e-05
241,226,8.9182e-05
79,227,8.9039e-05
217,227,8.2844e-05
226,227,8.7165e-05
227,227,0.00052617
228,227,9.0476e-05
240,227,8.9766e-05
242,227,8.6881e-05
79,228,9.4078e-05
87,228,9.1189e-05
227,228,9.0476e-05
228,228,0.0005472
229,228,9.0375e-05
242,228,8.9149e-05
243,228,9.1938e-05
87,229,8.963e-05
88,229,9.0553e-05
228,229,9.0375e-05
229,229,0.0005467
230,229,9.1876e-05
243,229,9.1846e-05
244,229,9.2424e-05
88,230,9.1068e-05
89,230,9.2889e-05
229,230,9.1876e-05
230,230,0.00055031
231,230,8.9769e-05
244,230,9.4318e-05
245,230,9.039e-05
89,231,9.1369e-05
90,231,8.9197e-05
230,231,8.9769e-05
231,231,0.00053672
232,231,9.0532e-05
245,231,8.6456e-05
246,231,8.9393e-05
90,232,9.0355e-05
91,232,9.0625e-05
231,232,9.0532e-05
232,232,0.00054297
233,232,9.0538e-05
246,232,9.059e-05
247,232,9.0327e-05
91,233,9.0589e-05
92,233,9.0597e-05
232,233,9.0538e-05
233,233,0.00054309
234,233,9.0475e-05
247,233,9.048e-05
248,233,9.0408e-05
92,234,9.1086e-05
218,234,8.922e-05
233,234,9.0475e-05
234,234,0.00054495
235,234,9.0841e-05
248,234,9.0547e-05
249,234,9.2779e-05
218,235,9.0521e-05
219,235,9.051e-05
234,235,9.0841e-05
235,235,0.00054268
236,235,8.9437e-05
249,235,9.1382e-05
250,235,8.999e-05
219,236,9.1498e-05
220,236,9.409e-05
235,236,8.9437e-05
236,236,0.00054577
238,236,8.7286e-05
250,236,9.4099e-05
251,236,8.9356e-05
220,237,9.224e-05
221,237,9.3068e-05
222,237,8.9099e-05
237,237,0.00054435
238,237,8.5484e-05
409,237,9.3622e-05
419,237,9.0835e-05
220,238,8.9107e-05
236,238,8.7286e-05
237,238,8.5484e-05
238,238,0.00043709
251,238,8.6858e-05
419,238,8.8355e-05
224,239,9.073e-05
225,239,9.5588e-05
239,239,0.00054882
241,239,9.1835e-05
408,239,9.2492e-05
416,239,8.6985e-05
417,239,9.1185e-05
226,240,8.9643e-05
227,240,8.9766e-05
240,240,0.00054019
241,240,8.9879e-05
242,240,8.9789e-05
253,240,9.0662e-05
255,240,9.0449e-05
224,241,9.0085e-05
226,241,8.9182e-05
239,241,9.1835e-05
240,241,8.9879e-05
241,241,0.00054407
253,241,9.1016e-05
417,241,9.2069e-05
227,242,8.6881e-05
228,242,8.9149e-05
240,242,8.9789e-05
242,242,0.00053433
243,242,9.1044e-05
254,242,8.8228e-05
255,242,8.9241e-05
228,243,9.1938e-05
229,243,9.1846e-05
242,243,9.1044e-05
243,243,0.00054598
244,243,9.1878e-05
254,243,8.9175e-05
256,243,9.0101e-05
229,244,9.2424e-05
230,244,9.4318e-05
243,244,9.1878e-05
244,244,0.00062994
245,244,8.8785e-05
256,244,9.3392e-05
257,244,8.7994e-05
258,244,8.1153e-05
230,245,9.039e-05
231,245,8.6456e-05
244,245,8.8785e-05
245,245,0.00052257
246,245,9.0451e-05
258,245,8.0446e-05
259,245,8.6046e-05
231,246,8.9393e-05
232,246,9.059e-05
245,246,9.0451e-05
246,246,0.00054099
247,246,9.0649e-05
259,246,9.0451e-05
260,246,8.9451e-05
232,247,9.0327e-05
233,247,9.048e-05
246,247,9.0649e-05
247,247,0.00054241
248,247,9.084e-05
260,247,9.0036e-05
261,247,9.0074e-05
233,248,9.0408e-05
234,248,9.0547e-05
247,248,9.084e-05
248,248,0.00054431
249,248,9.1132e-05
261,248,9.0613e-05
262,248,9.0766e-05
234,249,9.2779e-05
235,249,9.1382e-05
248,249,9.1132e-05
249,249,0.00055608
250,249,9.2808e-05
262,249,9.2454e-05
263,249,9.5526e-05
235,250,8.999e-05
236,250,9.4099e-05
249,250,9.2808e-05
250,250,0.00054903
251,250,9.1072e-05
252,250,8.7607e-05
263,250,9.3453e-05
236,251,8.9356e-05
238,251,8.6858e-05
250,251,9.1072e-05
251,251,0.00052999
252,251,8.6488e-05
418,251,8.7064e-05
419,251,8.915e-05
250,252,8.7607e-05
251,252,8.6488e-05
252,252,0.00052226
263,252,9.3249e-05
418,252,8.5091e-05
428,252,8.8431e-05
429,252,8.1394e-05
240,253,9.0662e-05
241,253,9.1016e-05
253,253,0.00054186
255,253,8.9588e-05
417,253,9.003e-05
426,253,9.0327e-05
427,253,9.0238e-05
242,254,8.8228e-05
243,254,8.9175e-05
254,254,0.00053265
255,254,8.9732e-05
256,254,8.8751e-05
265,254,8.9348e-05
266,254,8.7418e-05
240,255,9.0449e-05
242,255,8.9241e-05
253,255,8.9588e-05
254,255,8.9732e-05
255,255,0.00053843
265,255,9.0387e-05
427,255,8.9035e-05
243,256,9.0101e-05
244,256,9.3392e-05
254,256,8.8751e-05
256,256,0.00053281
257,256,8.6861e-05
266,256,8.9442e-05
267,256,8.4261e-05
244,257,8.7994e-05
256,257,8.6861e-05
257,257,0.00050791
258,257,7.9481e-05
267,257,7.9333e-05
268,257,8.6626e-05
269,257,8.7611e-05
244,258,8.1153e-05
245,258,8.0446e-05
257,258,7.9481e-05
258,258,0.00040842
259,258,8.3947e-05
268,258,8.3394e-05
245,259,8.6046e-05
246,259,9.0451e-05
258,259,8.3947e-05
259,259,0.00052696
260,259,8.789e-05
268,259,8.9544e-05
270,259,8.9081e-05
246,260,8.9451e-05
247,260,9.0036e-05
259,260,8.789e-05
260,260,0.00053578
261,260,8.988e-05
270,260,8.8557e-05
271,260,8.9962e-05
247,261,9.0074e-05
248,261,9.0613e-05
260,261,8.988e-05
261,261,0.00054238
262,261,9.1605e-05
271,261,8.951e-05
273,261,9.0696e-05
248,262,9.0766e-05
249,262,9.2454e-05
261,262,9.1605e-05
262,262,0.00054999
263,262,9.41e-05
273,262,9.0131e-05
274,262,9.0937e-05
249,263,9.5526e-05
250,263,9.3453e-05
252,263,9.3249e-05
262,263,9.41e-05
263,263,0.00064301
264,263,8.551e-05
274,263,9.1487e-05
428,263,8.9682e-05
263,264,8.551e-05
264,264,0.00042054
274,264,8.3416e-05
428,264,8.2434e-05
442,264,8.3567e-05
443,264,8.5612e-05
254,265,8.9348e-05
255,265,9.0387e-05
265,265,0.00053902
266,265,8.7735e-05
427,265,8.9371e-05
437,265,9.1389e-05
438,265,9.0791e-05
254,266,8.7418e-05
256,266,8.9442e-05
265,266,8.7735e-05
266,266,0.00052396
267,266,8.4708e-05
438,266,8.9856e-05
439,266,8.4805e-05
256,267,8.4261e-05
257,267,7.9333e-05
266,267,8.4708e-05
267,267,0.00041144
269,267,8.1775e-05
439,267,8.1365e-05
257,268,8.6626e-05
258,268,8.3394e-05
259,268,8.9544e-05
268,268,0.00052918
269,268,9.2628e-05
270,268,8.857e-05
276,268,8.8422e-05
257,269,8.7611e-05
267,269,8.1775e-05
268,269,9.2628e-05
269,269,0.00061962
275,269,9.0744e-05
276,269,8.9849e-05
439,269,8.6343e-05
452,269,9.0671e-05
259,270,8.9081e-05
260,270,8.8557e-05
268,270,8.857e-05
270,270,0.00053273
271,270,8.9226e-05
272,270,8.9241e-05
276,270,8.806e-05
260,271,8.9962e-05
261,271,8.951e-05
270,271,8.9226e-05
271,271,0.00053698
272,271,8.9461e-05
273,271,8.9068e-05
440,271,8.9755e-05
270,272,8.9241e-05
271,272,8.9461e-05
272,272,0.00053796
276,272,9.0171e-05
440,272,9.0448e-05
454,272,8.9291e-05
455,272,8.9348e-05
261,273,9.0696e-05
262,273,9.0131e-05
271,273,8.9068e-05
273,273,0.00053806
274,273,8.7937e-05
440,273,9.0399e-05
441,273,8.9833e-05
262,274,9.0937e-05
263,274,9.1487e-05
264,274,8.3416e-05
273,274,8.7937e-05
274,274,0.00053254
441,274,9.1918e-05
442,274,8.6848e-05
269,275,9.0744e-05
275,275,0.00052626
276,275,8.7561e-05
452,275,8.8363e-05
453,275,8.3528e-05
454,275,8.8857e-05
466,275,8.7205e-05
268,276,8.8422e-05
269,276,8.9849e-05
270,276,8.806e-05
272,276,9.0171e-05
275,276,8.7561e-05
276,276,0.00053231
454,276,8.8245e-05
277,277,0.00060634
278,277,8.1357e-05
279,277,8.8199e-05
281,277,8.8945e-05
292,277,9.2049e-05
293,277,8.5794e-05
294,277,8.8023e-05
295,277,8.1977e-05
277,278,8.1357e-05
278,278,0.00041311
279,278,8.1295e-05
293,278,8.3032e-05
480,278,8.3115e-05
501,278,8.4315e-05
277,279,8.8199e-05
278,279,8.1295e-05
279,279,0.00052559
281,279,9.0152e-05
480,279,8.5147e-05
482,279,9.1349e-05
484,279,8.9451e-05
95,280,8.8901e-05
280,280,0.00052632
281,280,8.6962e-05
282,280,8.7299e-05
283,280,8.9216e-05
295,280,8.4509e-05
296,280,8.9436e-05
277,281,8.8945e-05
279,281,9.0152e-05
280,281,8.6962e-05
281,281,0.00053148
283,281,9.21e-05
295,281,8.3487e-05
484,281,8.9832e-05
280,282,8.7299e-05
282,282,0.00053363
283,282,9.0045e-05
284,282,8.8192e-05
285,282,8.9084e-05
296,282,8.8578e-05
297,282,9.0433e-05
280,283,8.9216e-05
281,283,9.21e-05
282,283,9.0045e-05
283,283,0.00054641
285,283,8.9895e-05
484,283,9.4091e-05
486,283,9.1058e-05
282,284,8.8192e-05
284,284,0.00053352
285,284,8.8766e-05
286,284,8.931e-05
297,284,8.8999e-05
298,284,8.8997e-05
299,284,8.926e-05
282,285,8.9084e-05
283,285,8.9895e-05
284,285,8.8766e-05
285,285,0.00053707
286,285,8.9764e-05
486,285,8.9686e-05
488,285,8.9873e-05
284,286,8.931e-05
285,286,8.9764e-05
286,286,0.00053537
298,286,8.8938e-05
488,286,8.9086e-05
490,286,8.8983e-05
502,286,8.9289e-05
287,287,0.00053568
288,287,9.0733e-05
289,287,9.034e-05
290,287,8.8679e-05
291,287,8.9576e-05
309,287,8.7926e-05
498,287,8.843e-05
287,288,9.0733e-05
288,288,0.00062707
289,288,9.2524e-05
305,288,8.2119e-05
306,288,8.7811e-05
307,288,9.3762e-05
308,288,8.8177e-05
309,288,9.1939e-05
287,289,9.034e-05
288,289,9.2524e-05
289,289,0.00054287
307,289,9.0593e-05
495,289,9.0502e-05
498,289,8.9213e-05
514,289,8.9699e-05
287,290,8.8679e-05
290,290,0.00052962
291,290,8.9111e-05
292,290,8.8268e-05
293,290,8.6253e-05
309,290,8.7433e-05
310,290,8.9881e-05
287,291,8.9576e-05
290,291,8.9111e-05
291,291,0.00053085
293,291,8.7593e-05
498,291,8.8564e-05
500,291,8.8257e-05
501,291,8.7752e-05
277,292,9.2049e-05
290,292,8.8268e-05
292,292,0.00053087
293,292,8.7763e-05
294,292,8.9456e-05
310,292,8.8217e-05
311,292,8.5119e-05
277,293,8.5794e-05
278,293,8.3032e-05
290,293,8.6253e-05
291,293,8.7593e-05
292,293,8.7763e-05
293,293,0.00051678
501,293,8.6341e-05
94,294,9.3685e-05
95,294,8.7694e-05
277,294,8.8023e-05
292,294,8.9456e-05
294,294,0.00053025
295,294,8.1982e-05
311,294,8.9406e-05
95,295,8.3339e-05
277,295,8.1977e-05
280,295,8.4509e-05
281,295,8.3487e-05
294,295,8.1982e-05
295,295,0.00041529
95,296,8.9409e-05
97,296,8.8925e-05
98,296,9.0341e-05
280,296,8.9436e-05
282,296,8.8578e-05
296,296,0.00053666
297,296,8.9967e-05
98,297,8.9746e-05
282,297,9.0433e-05
284,297,8.8999e-05
296,297,8.9967e-05
297,297,0.00054057
299,297,9.0108e-05
312,297,9.1321e-05
284,298,8.8997e-05
286,298,8.8938e-05
298,298,0.00053506
299,298,8.9361e-05
300,298,8.9901e-05
301,298,8.9233e-05
502,298,8.8633e-05
284,299,8.926e-05
297,299,9.0108e-05
298,299,8.9361e-05
299,299,0.00053775
300,299,8.9877e-05
312,299,8.9738e-05
313,299,8.9406e-05
298,300,8.9901e-05
299,300,8.9877e-05
300,300,0.0005412
301,300,9.0435e-05
302,300,9.0102e-05
313,300,9.0599e-05
314,300,9.029e-05
298,301,8.9233e-05
300,301,9.0435e-05
301,301,0.00053979
302,301,9.0606e-05
502,301,8.965e-05
503,301,9.0057e-05
505,301,8.9811e-05
300,302,9.0102e-05
301,302,9.0606e-05
302,302,0.00054406
303,302,9.0147e-05
304,302,9.1751e-05
314,302,9.1276e-05
505,302,9.0177e-05
302,303,9.0147e-05
303,303,0.00053908
304,303,8.9854e-05
316,303,8.9974e-05
505,303,8.9925e-05
506,303,8.942e-05
515,303,8.9762e-05
302,304,9.1751e-05
303,304,8.9854e-05
304,304,0.00054479
314,304,8.9848e-05
315,304,8.9241e-05
316,304,9.1402e-05
317,304,9.2691e-05
288,305,8.2119e-05
305,305,0.00040905
306,305,8.0418e-05
308,305,8.1615e-05
322,305,8.2049e-05
323,305,8.2848e-05
288,306,8.7811e-05
305,306,8.0418e-05
306,306,0.00052002
307,306,8.9974e-05
319,306,8.9619e-05
321,306,8.581e-05
322,306,8.6389e-05
288,307,9.3762e-05
289,307,9.0593e-05
306,307,8.9974e-05
307,307,0.00054353
321,307,8.905e-05
512,307,9.1198e-05
514,307,8.8952e-05
100,308,8.8622e-05
101,308,8.2286e-05
288,308,8.8177e-05
305,308,8.1615e-05
308,308,0.00051592
309,308,8.7723e-05
323,308,8.7497e-05
101,309,8.2674e-05
287,309,8.7926e-05
288,309,9.1939e-05
290,309,8.7433e-05
308,309,8.7723e-05
309,309,0.00052409
310,309,8.6397e-05
101,310,8.1012e-05
103,310,8.8049e-05
290,310,8.9881e-05
292,310,8.8217e-05
309,310,8.6397e-05
310,310,0.00052533
311,310,9.177e-05
94,311,8.871e-05
103,311,8.8761e-05
105,311,8.1414e-05
292,311,8.5119e-05
294,311,8.9406e-05
310,311,9.177e-05
311,311,0.00052518
98,312,9.0912e-05
108,312,9.0905e-05
111,312,9.2929e-05
297,312,9.1321e-05
299,312,8.9738e-05
312,312,0.00054716
313,312,9.1353e-05
111,313,9.0422e-05
113,313,8.7895e-05
299,313,8.9406e-05
300,313,9.0599e-05
312,313,9.1353e-05
313,313,0.00053969
314,313,9.0018e-05
113,314,9.1244e-05
300,314,9.029e-05
302,314,9.1276e-05
304,314,8.9848e-05
313,314,9.0018e-05
314,314,0.00054276
315,314,9.0088e-05
