1,1,0.0021457
2,1,0.00035554
4,1,0.00035579
5,1,0.00035913
13,1,0.00036017
14,1,0.00036153
15,1,0.00035356
1,2,0.00035554
2,2,0.0021378
3,2,0.00035673
5,2,0.00035617
13,2,0.00035705
113,2,0.0003557
127,2,0.00035664
2,3,0.00035673
3,3,0.0021216
5,3,0.00035385
98,3,0.00035147
100,3,0.00035485
113,3,0.0003521
114,3,0.0003526
1,4,0.00035579
4,4,0.0021364
5,4,0.00035499
6,4,0.00035677
7,4,0.00035749
15,4,0.00035642
16,4,0.0003549
1,5,0.00035913
2,5,0.00035617
3,5,0.00035385
4,5,0.00035499
5,5,0.0021372
7,5,0.00035561
114,5,0.00035743
4,6,0.00035677
6,6,0.0021512
7,6,0.00035671
8,6,0.00035783
9,6,0.00036032
16,6,0.00036106
17,6,0.00035851
4,7,0.00035749
5,7,0.00035561
6,7,0.00035671
7,7,0.0021388
9,7,0.00035949
114,7,0.0003524
115,7,0.00035706
6,8,0.00035783
8,8,0.0021485
9,8,0.00036244
10,8,0.00035748
17,8,0.00035808
18,8,0.00035371
19,8,0.00035892
6,9,0.00036032
7,9,0.00035949
8,9,0.00036244
9,9,0.0021688
10,9,0.00035856
115,9,0.00036551
116,9,0.00036245
8,10,0.00035748
9,10,0.00035856
10,10,0.0021549
18,10,0.00036125
116,10,0.00036279
117,10,0.00035766
128,10,0.00035719
11,11,0.0021322
12,11,0.00035828
13,11,0.0003547
14,11,0.0003612
23,11,0.0003466
25,11,0.00035476
26,11,0.00035663
11,12,0.00035828
12,12,0.0021451
13,12,0.00035739
25,12,0.0003581
126,12,0.00035707
127,12,0.00035696
136,12,0.00035731
1,13,0.00036017
2,13,0.00035705
11,13,0.0003547
12,13,0.00035739
13,13,0.002155
14,13,0.00036305
127,13,0.00036261
1,14,0.00036153
11,14,0.0003612
13,14,0.00036305
14,14,0.002188
15,14,0.00036066
26,14,0.0003703
27,14,0.00037128
1,15,0.00035356
4,15,0.00035642
14,15,0.00036066
15,15,0.0021235
16,15,0.00035619
27,15,0.00035198
28,15,0.00034465
4,16,0.0003549
6,16,0.00036106
15,16,0.00035619
16,16,0.0021437
17,16,0.00035851
28,16,0.00035845
29,16,0.00035462
6,17,0.00035851
8,17,0.00035808
16,17,0.00035851
17,17,0.0021475
19,17,0.00036609
29,17,0.00034916
30,17,0.00035716
8,18,0.00035371
10,18,0.00036125
18,18,0.0021417
19,18,0.00036155
20,18,0.00036432
21,18,0.00034805
128,18,0.00035282
8,19,0.00035892
17,19,0.00036609
18,19,0.00036155
19,19,0.0021843
20,19,0.00037456
30,19,0.00035869
31,19,0.00036453
18,20,0.00036432
19,20,0.00037456
20,20,0.0025386
21,20,0.00036964
22,20,0.00035475
31,20,0.00037255
32,20,0.00036276
33,20,0.00034
18,21,0.00034805
20,21,0.00036964
21,21,0.0020875
22,21,0.00035138
128,21,0.00035169
129,21,0.00034433
130,21,0.00032244
20,22,0.00035475
21,22,0.00035138
22,22,0.0020539
33,22,0.00032446
130,22,0.00031933
137,22,0.00035113
144,22,0.0003529
11,23,0.0003466
23,23,0.0020923
24,23,0.00034758
25,23,0.0003575
26,23,0.00036077
34,23,0.00035198
35,23,0.00032789
23,24,0.00034758
24,24,0.0020978
25,24,0.00035444
35,24,0.00033169
141,24,0.0003628
143,24,0.00035074
149,24,0.00035061
11,25,0.00035476
12,25,0.0003581
23,25,0.0003575
24,25,0.00035444
25,25,0.0021389
136,25,0.00036024
143,25,0.00035384
11,26,0.00035663
14,26,0.0003703
23,26,0.00036077
26,26,0.0021856
27,26,0.00035802
34,26,0.00037815
36,26,0.00036173
14,27,0.00037128
15,27,0.00035198
26,27,0.00035802
27,27,0.0021664
28,27,0.00035915
36,27,0.00035277
37,27,0.00037319
15,28,0.00034465
16,28,0.00035845
27,28,0.00035915
28,28,0.0020873
29,28,0.00034394
37,28,0.00035504
38,28,0.00032603
16,29,0.00035462
17,29,0.00034916
28,29,0.00034394
29,29,0.0020831
30,29,0.00035404
38,29,0.00033288
39,29,0.00034845
17,30,0.00035716
19,30,0.00035869
29,30,0.00035404
30,30,0.0021361
31,30,0.00035764
39,30,0.00035324
40,30,0.00035531
19,31,0.00036453
20,31,0.00037255
30,31,0.00035764
31,31,0.0021731
32,31,0.00035906
40,31,0.00036297
41,31,0.00035637
20,32,0.00036276
31,32,0.00035906
32,32,0.0021171
33,32,0.00033246
41,32,0.00034918
42,32,0.00036704
43,32,0.00034662
20,33,0.00034
22,33,0.00032446
32,33,0.00033246
33,33,0.0016707
43,33,0.00033319
144,33,0.00034054
23,34,0.00035198
26,34,0.00037815
34,34,0.00247
35,34,0.00032887
36,34,0.00035857
44,34,0.00035964
45,34,0.00035991
46,34,0.00033292
23,35,0.00032789
24,35,0.00033169
34,35,0.00032887
35,35,0.0016484
45,35,0.00032848
149,35,0.00033149
26,36,0.00036173
27,36,0.00035277
34,36,0.00035857
36,36,0.0021219
37,36,0.00036757
46,36,0.00033164
47,36,0.00034961
27,37,0.00037319
28,37,0.00035504
36,37,0.00036757
37,37,0.0025151
38,37,0.00032678
47,37,0.00036328
48,37,0.00037123
49,37,0.00035797
28,38,0.00032603
29,38,0.00033288
37,38,0.00032678
38,38,0.0016468
39,38,0.0003337
49,38,0.00032745
29,39,0.00034845
30,39,0.00035324
38,39,0.0003337
39,39,0.0020812
40,39,0.0003476
49,39,0.00034455
50,39,0.00035365
30,40,0.00035531
31,40,0.00036297
39,40,0.0003476
40,40,0.0021374
41,40,0.00035636
50,40,0.00035703
51,40,0.00035813
31,41,0.00035637
32,41,0.00034918
40,41,0.00035636
41,41,0.0021346
42,41,0.00035615
51,41,0.00035476
52,41,0.00036174
32,42,0.00036704
41,42,0.00035615
42,42,0.002171
43,42,0.00036667
52,42,0.00036252
53,42,0.00035594
54,42,0.00036267
32,43,0.00034662
33,43,0.00033319
42,43,0.00036667
43,43,0.0021136
53,43,0.0003479
144,43,0.00036227
150,43,0.00035693
34,44,0.00035964
44,44,0.002103
45,44,0.0003596
46,44,0.00032965
56,44,0.00036226
57,44,0.00034766
58,44,0.00034422
34,45,0.00035991
35,45,0.00032848
44,45,0.0003596
45,45,0.0021073
57,45,0.00034554
149,45,0.00034821
157,45,0.00036559
34,46,0.00033292
36,46,0.00033164
44,46,0.00032965
46,46,0.0016625
47,46,0.00033322
58,46,0.00033503
36,47,0.00034961
37,47,0.00036328
46,47,0.00033322
47,47,0.0020984
48,47,0.00035007
58,47,0.0003495
59,47,0.00035268
37,48,0.00037123
47,48,0.00035007
48,48,0.0021608
49,48,0.00036226
59,48,0.00035497
60,48,0.00036809
61,48,0.00035421
37,49,0.00035797
38,49,0.00032745
39,49,0.00034455
48,49,0.00036226
49,49,0.0021006
50,49,0.00036059
61,49,0.00034778
39,50,0.00035365
40,50,0.00035703
49,50,0.00036059
50,50,0.0021512
51,50,0.00036184
61,50,0.0003601
62,50,0.00035796
40,51,0.00035813
41,51,0.00035476
50,51,0.00036184
51,51,0.0021561
52,51,0.00036118
62,51,0.00035874
63,51,0.00036145
41,52,0.00036174
42,52,0.00036252
51,52,0.00036118
52,52,0.00217
54,52,0.00036224
63,52,0.000361
64,52,0.00036129
42,53,0.00035594
43,53,0.0003479
53,53,0.0021333
54,53,0.00036136
55,53,0.0003574
65,53,0.00035483
150,53,0.00035589
42,54,0.00036267
52,54,0.00036224
53,54,0.00036136
54,54,0.0021711
64,54,0.00036149
65,54,0.00036137
66,54,0.00036193
53,55,0.0003574
55,55,0.0021503
65,55,0.00035939
150,55,0.00036304
151,55,0.00035817
158,55,0.00035274
165,55,0.00035961
44,56,0.00036226
56,56,0.0021471
57,56,0.00035571
58,56,0.00035772
67,56,0.00035246
68,56,0.00035881
69,56,0.00036011
44,57,0.00034766
45,57,0.00034554
56,57,0.00035571
57,57,0.002107
67,57,0.00034836
157,57,0.0003575
163,57,0.00035226
44,58,0.00034422
46,58,0.00033503
47,58,0.0003495
56,58,0.00035772
58,58,0.0021012
59,58,0.00035785
68,58,0.00035687
47,59,0.00035268
48,59,0.00035497
58,59,0.00035785
59,59,0.0021383
60,59,0.00036033
68,59,0.00035616
70,59,0.00035636
48,60,0.00036809
59,60,0.00036033
60,60,0.002188
61,60,0.00036521
70,60,0.00036722
71,60,0.00036846
72,60,0.00035869
48,61,0.00035421
49,61,0.00034778
50,61,0.0003601
60,61,0.00036521
61,61,0.0021419
62,61,0.00035797
72,61,0.00035665
50,62,0.00035796
51,62,0.00035874
61,62,0.00035797
62,62,0.0021554
63,62,0.00035975
72,62,0.00036001
73,62,0.00036101
51,63,0.00036145
52,63,0.000361
62,63,0.00035975
63,63,0.002164
64,63,0.00036124
73,63,0.0003593
74,63,0.00036124
52,64,0.00036129
54,64,0.00036149
63,64,0.00036124
64,64,0.0021688
66,64,0.00036051
74,64,0.00036258
75,64,0.00036165
53,65,0.00035483
54,65,0.00036137
55,65,0.00035939
65,65,0.0021583
66,65,0.0003601
164,65,0.00035838
165,65,0.0003642
54,66,0.00036193
64,66,0.00036051
65,66,0.0003601
66,66,0.0021618
75,66,0.00035957
76,66,0.00036028
164,66,0.0003594
56,67,0.00035246
57,67,0.00034836
67,67,0.0021179
69,67,0.00036366
163,67,0.00035704
170,67,0.0003469
171,67,0.00034943
56,68,0.00035881
58,68,0.00035687
59,68,0.00035616
68,68,0.0021859
69,68,0.00036939
70,68,0.00036668
77,68,0.00037796
56,69,0.00036011
67,69,0.00036366
68,69,0.00036939
69,69,0.0021952
77,69,0.00037417
78,69,0.00036453
171,69,0.0003633
59,70,0.00035636
60,70,0.00036722
68,70,0.00036668
70,70,0.002181
71,70,0.00036057
77,70,0.00037356
79,70,0.00035659
60,71,0.00036846
70,71,0.00036057
71,71,0.002175
72,71,0.00036266
79,71,0.00035964
80,71,0.00036427
81,71,0.0003594
60,72,0.00035869
61,72,0.00035665
62,72,0.00036001
71,72,0.00036266
72,72,0.0021576
73,72,0.00035948
81,72,0.00036009
62,73,0.00036101
63,73,0.0003593
72,73,0.00035948
73,73,0.0021604
74,73,0.00036202
81,73,0.00035714
82,73,0.00036139
63,74,0.00036124
64,74,0.00036258
73,74,0.00036202
74,74,0.0021746
75,74,0.00036038
82,74,0.00036565
83,74,0.00036267
64,75,0.00036165
66,75,0.00035957
74,75,0.00036038
75,75,0.0021607
76,75,0.00035923
83,75,0.00035948
84,75,0.00036041
66,76,0.00036028
75,76,0.00035923
76,76,0.0021534
84,76,0.00036053
164,76,0.00035853
172,76,0.0003559
180,76,0.00035895
68,77,0.00037796
69,77,0.00037417
70,77,0.00037356
77,77,0.0026213
78,77,0.00037334
79,77,0.00037511
86,77,0.00037256
87,77,0.00037458
69,78,0.00036453
77,78,0.00037334
78,78,0.0021445
86,78,0.00036515
171,78,0.00035037
179,78,0.00034255
186,78,0.00034852
70,79,0.00035659
71,79,0.00035964
77,79,0.00037511
79,79,0.0021344
80,79,0.00035464
87,79,0.00035595
88,79,0.00033243
71,80,0.00036427
79,80,0.00035464
80,80,0.0021292
81,80,0.00035134
88,80,0.00033374
89,80,0.00036659
90,80,0.00035862
71,81,0.0003594
72,81,0.00036009
73,81,0.00035714
80,81,0.00035134
81,81,0.0021506
82,81,0.0003639
89,81,0.00035878
73,82,0.00036139
74,82,0.00036565
81,82,0.0003639
82,82,0.0021897
83,82,0.00036164
89,82,0.00037183
91,82,0.00036532
74,83,0.00036267
75,83,0.00035948
82,83,0.00036164
83,83,0.0021636
84,83,0.00036198
91,83,0.00035714
93,83,0.00036068
75,84,0.00036041
76,84,0.00036053
83,84,0.00036198
84,84,0.0021663
85,84,0.00036065
93,84,0.00036194
180,84,0.00036081
84,85,0.00036065
85,85,0.0021756
93,85,0.00036345
180,85,0.000364
191,85,0.00036911
192,85,0.00036035
193,85,0.00035804
77,86,0.00037256
78,86,0.00036515
86,86,0.0021816
87,86,0.00035692
186,86,0.00035939
187,86,0.00036874
188,86,0.00035885
77,87,0.00037458
79,87,0.00035595
86,87,0.00035692
87,87,0.0021304
88,87,0.00033219
188,87,0.00035844
189,87,0.00035234
79,88,0.00033243
80,88,0.00033374
87,88,0.00033219
88,88,0.0016654
90,88,0.00033368
189,88,0.00033335
80,89,0.00036659
81,89,0.00035878
82,89,0.00037183
89,89,0.002198
90,89,0.00038109
91,89,0.00035911
92,89,0.00036056
80,90,0.00035862
88,90,0.00033368
89,90,0.00038109
90,90,0.0024894
92,90,0.00035275
94,90,0.00033314
189,90,0.00036356
201,90,0.00036656
82,91,0.00036532
83,91,0.00035714
89,91,0.00035911
91,91,0.002156
92,91,0.00034949
93,91,0.00036318
190,91,0.00036174
89,92,0.00036056
90,92,0.00035275
91,92,0.00034949
92,92,0.0020994
94,92,0.00032927
190,92,0.00035988
203,92,0.00034747
83,93,0.00036068
84,93,0.00036194
85,93,0.00036345
91,93,0.00036318
93,93,0.0021727
190,93,0.0003622
191,93,0.0003612
90,94,0.00033314
92,94,0.00032927
94,94,0.0016672
201,94,0.00033093
202,94,0.00033455
203,94,0.00033929
95,95,0.0021113
96,95,0.00034854
97,95,0.00035138
98,95,0.00035108
111,95,0.00035289
112,95,0.00035602
113,95,0.00035138
95,96,0.00034854
96,96,0.0021049
97,96,0.00034893
111,96,0.000357
226,96,0.00034653
229,96,0.00034603
245,96,0.00035789
95,97,0.00035138
96,97,0.00034893
97,97,0.0020687
98,97,0.00034535
99,97,0.00033337
229,97,0.00034959
231,97,0.00034006
3,98,0.00035147
95,98,0.00035108
97,98,0.00034535
98,98,0.0020702
99,98,0.00033254
100,98,0.00034302
113,98,0.00034672
97,99,0.00033337
98,99,0.00033254
99,99,0.0016424
100,99,0.00032558
101,99,0.00032577
231,99,0.00032515
3,100,0.00035485
98,100,0.00034302
99,100,0.00032558
100,100,0.0020758
101,100,0.00035217
102,100,0.00035749
114,100,0.00034273
99,101,0.00032577
100,101,0.00035217
101,101,0.0025212
102,101,0.00037931
103,101,0.00037248
231,101,0.00035185
233,101,0.00037369
234,101,0.00036593
100,102,0.00035749
101,102,0.00037931
102,102,0.0021967
103,102,0.00037135
104,102,0.00036362
114,102,0.00035544
115,102,0.00036952
101,103,0.00037248
102,103,0.00037135
103,103,0.002217
104,103,0.00036405
105,103,0.00036945
234,103,0.00036768
236,103,0.00037194
102,104,0.00036362
103,104,0.00036405
104,104,0.0021772
105,104,0.00036013
106,104,0.00036246
115,104,0.00036207
116,104,0.00036483
103,105,0.00036945
104,105,0.00036013
105,105,0.0021682
106,105,0.0003649
107,105,0.00036281
236,105,0.00036115
237,105,0.00034973
104,106,0.00036246
105,106,0.0003649
106,106,0.0021814
107,106,0.00036616
108,106,0.00036155
116,106,0.00036423
117,106,0.00036206
105,107,0.00036281
106,107,0.00036616
107,107,0.002182
108,107,0.00035897
237,107,0.00036325
239,107,0.00036922
246,107,0.00036158
106,108,0.00036155
107,108,0.00035897
108,108,0.0021456
117,108,0.00035725
118,108,0.00035659
119,108,0.00035098
246,108,0.00036029
109,109,0.0021181
110,109,0.00034368
111,109,0.00035236
112,109,0.00035914
123,109,0.00035623
125,109,0.00035498
126,109,0.0003517
109,110,0.00034368
110,110,0.0020775
111,110,0.00035772
125,110,0.0003571
242,110,0.00032392
245,110,0.00035115
255,110,0.00034391
95,111,0.00035289
96,111,0.000357
109,111,0.00035236
110,111,0.00035772
111,111,0.0021581
112,111,0.00036431
245,111,0.00037378
95,112,0.00035602
109,112,0.00035914
111,112,0.00036431
112,112,0.0021536
113,112,0.00035523
126,112,0.00035724
127,112,0.00036162
2,113,0.0003557
3,113,0.0003521
95,113,0.00035138
98,113,0.00034672
112,113,0.00035523
113,113,0.0021153
127,113,0.00035418
3,114,0.0003526
5,114,0.00035743
7,114,0.0003524
100,114,0.00034273
102,114,0.00035544
114,114,0.0021209
115,114,0.00036027
7,115,0.00035706
9,115,0.00036551
102,115,0.00036952
104,115,0.00036207
114,115,0.00036027
115,115,0.0021757
116,115,0.00036127
9,116,0.00036245
10,116,0.00036279
104,116,0.00036483
106,116,0.00036423
115,116,0.00036127
116,116,0.0021766
117,116,0.00036101
10,117,0.00035766
106,117,0.00036206
108,117,0.00035725
116,117,0.00036101
117,117,0.0021532
119,117,0.00035688
128,117,0.00035834
108,118,0.00035659
118,118,0.0021413
119,118,0.00035625
120,118,0.00035737
121,118,0.00035396
246,118,0.00036044
248,118,0.00035669
108,119,0.00035098
117,119,0.00035688
118,119,0.00035625
119,119,0.0021028
120,119,0.00035035
128,119,0.00035008
129,119,0.00033828
118,120,0.00035737
119,120,0.00035035
120,120,0.0021219
121,120,0.00035625
122,120,0.00035032
129,120,0.00035326
131,120,0.00035435
118,121,0.00035396
120,121,0.00035625
121,121,0.0021264
122,121,0.00035311
248,121,0.00035034
249,121,0.00035612
256,121,0.0003566
120,122,0.00035032
121,122,0.00035311
122,122,0.0020992
131,122,0.00034003
138,122,0.0003496
256,122,0.00034969
262,122,0.00035648
109,123,0.00035623
123,123,0.002135
124,123,0.00035462
125,123,0.00035588
126,123,0.00035739
135,123,0.00035421
136,123,0.00035663
123,124,0.00035462
124,124,0.0021346
125,124,0.00035842
134,124,0.00035524
135,124,0.0003563
252,124,0.00035745
261,124,0.00035259
109,125,0.00035498
110,125,0.0003571
123,125,0.00035588
124,125,0.00035842
125,125,0.0021333
252,125,0.00035369
255,125,0.00035327
12,126,0.00035707
109,126,0.0003517
112,126,0.00035724
123,126,0.00035739
126,126,0.0021434
127,126,0.00035843
136,126,0.00036157
2,127,0.00035664
12,127,0.00035696
13,127,0.00036261
112,127,0.00036162
113,127,0.00035418
126,127,0.00035843
127,127,0.0021504
10,128,0.00035719
18,128,0.00035282
21,128,0.00035169
117,128,0.00035834
119,128,0.00035008
128,128,0.0021179
129,128,0.0003478
21,129,0.00034433
119,129,0.00033828
120,129,0.00035326
128,129,0.0003478
129,129,0.0020381
130,129,0.00031798
131,129,0.00033642
21,130,0.00032244
22,130,0.00031933
129,130,0.00031798
130,130,0.0016028
131,130,0.00031859
137,130,0.00032445
120,131,0.00035435
122,131,0.00034003
129,131,0.00033642
130,131,0.00031859
131,131,0.0020458
137,131,0.00034646
138,131,0.00034998
132,132,0.002104
133,132,0.00034803
134,132,0.00036082
135,132,0.00034668
141,132,0.00035731
142,132,0.00033184
143,132,0.00035936
132,133,0.00034803
133,133,0.0020854
134,133,0.00035345
142,133,0.00033627
258,133,0.0003476
266,133,0.00035299
272,133,0.00034708
124,134,0.00035524
132,134,0.00036082
133,134,0.00035345
134,134,0.0021392
135,134,0.00035502
258,134,0.00035355
261,134,0.00036114
123,135,0.00035421
124,135,0.0003563
132,135,0.00034668
134,135,0.00035502
135,135,0.0021226
136,135,0.00035834
143,135,0.00035209
12,136,0.00035731
25,136,0.00036024
123,136,0.00035663
126,136,0.00036157
135,136,0.00035834
136,136,0.0021603
143,136,0.00036621
22,137,0.00035113
130,137,0.00032445
131,137,0.00034646
137,137,0.0020862
138,137,0.00035183
139,137,0.0003455
144,137,0.0003668
122,138,0.0003496
131,138,0.00034998
137,138,0.00035183
138,138,0.0021098
139,138,0.00034911
140,138,0.00035349
262,138,0.00035583
137,139,0.0003455
138,139,0.00034911
139,139,0.0021156
140,139,0.00035579
144,139,0.00036091
145,139,0.0003565
146,139,0.00034777
138,140,0.00035349
139,140,0.00035579
140,140,0.0021243
146,140,0.00035249
262,140,0.00035393
264,140,0.00035615
268,140,0.00035242
24,141,0.0003628
132,141,0.00035731
141,141,0.0025103
142,141,0.00033066
143,141,0.00037038
147,141,0.00037132
148,141,0.00035562
149,141,0.00036217
132,142,0.00033184
133,142,0.00033627
141,142,0.00033066
142,142,0.0016635
148,142,0.00032851
272,142,0.0003362
24,143,0.00035074
25,143,0.00035384
132,143,0.00035936
135,143,0.00035209
136,143,0.00036621
141,143,0.00037038
143,143,0.0021526
22,144,0.0003529
33,144,0.00034054
43,144,0.00036227
137,144,0.0003668
139,144,0.00036091
144,144,0.0025245
145,144,0.00037105
150,144,0.00037004
139,145,0.0003565
144,145,0.00037105
145,145,0.0021669
146,145,0.0003533
150,145,0.00036374
151,145,0.00035909
152,145,0.00036319
139,146,0.00034777
140,146,0.00035249
145,146,0.0003533
146,146,0.0021145
152,146,0.00035669
268,146,0.00035279
274,146,0.00035146
141,147,0.00037132
147,147,0.002164
148,147,0.00036257
149,147,0.00035311
155,147,0.00036634
156,147,0.00035352
157,147,0.00035718
141,148,0.00035562
142,148,0.00032851
147,148,0.00036257
148,148,0.0021051
156,148,0.00035421
272,148,0.00034271
280,148,0.00036146
24,149,0.00035061
35,149,0.00033149
45,149,0.00034821
141,149,0.00036217
147,149,0.00035311
149,149,0.0021039
157,149,0.00035827
43,150,0.00035693
53,150,0.00035589
55,150,0.00036304
144,150,0.00037004
145,150,0.00036374
150,150,0.0021674
151,150,0.00035778
55,151,0.00035817
145,151,0.00035909
150,151,0.00035778
151,151,0.0021438
152,151,0.00035806
153,151,0.00035465
158,151,0.00035607
145,152,0.00036319
146,152,0.00035669
151,152,0.00035806
152,152,0.002143
153,152,0.0003566
154,152,0.00035678
274,152,0.00035172
151,153,0.00035465
152,153,0.0003566
153,153,0.0021186
154,153,0.00035052
158,153,0.00035314
159,153,0.00035414
160,153,0.00034957
152,154,0.00035678
153,154,0.00035052
154,154,0.0021029
160,154,0.00034249
274,154,0.00035002
275,154,0.00035221
281,154,0.00035093
147,155,0.00036634
155,155,0.0021827
156,155,0.00036716
157,155,0.00036898
161,155,0.00035522
162,155,0.00036826
163,155,0.00035677
147,156,0.00035352
148,156,0.00035421
155,156,0.00036716
156,156,0.0021605
162,156,0.00037096
280,156,0.00035577
285,156,0.00035888
45,157,0.00036559
57,157,0.0003575
147,157,0.00035718
149,157,0.00035827
155,157,0.00036898
157,157,0.0021695
163,157,0.00036199
55,158,0.00035274
151,158,0.00035607
153,158,0.00035314
158,158,0.0021161
159,158,0.00034246
165,158,0.0003595
166,158,0.00035215
153,159,0.00035414
158,159,0.00034246
159,159,0.0020632
160,159,0.00034046
166,159,0.00035547
167,159,0.000322
174,159,0.0003487
153,160,0.00034957
154,160,0.00034249
159,160,0.00034046
160,160,0.0020504
167,160,0.00032832
281,160,0.00034733
286,160,0.00034228
155,161,0.00035522
161,161,0.0021018
162,161,0.0003697
163,161,0.00035179
168,161,0.00032943
169,161,0.00035038
170,161,0.00034532
155,162,0.00036826
156,162,0.00037096
161,162,0.0003697
162,162,0.0025412
169,162,0.00036988
285,162,0.00036612
289,162,0.00034578
293,162,0.00035047
57,163,0.00035226
67,163,0.00035704
155,163,0.00035677
157,163,0.00036199
161,163,0.00035179
163,163,0.0021416
170,163,0.00036179
65,164,0.00035838
66,164,0.0003594
76,164,0.00035853
164,164,0.0021496
165,164,0.00035776
172,164,0.00035763
173,164,0.00035788
55,165,0.00035961
65,165,0.0003642
158,165,0.0003595
164,165,0.00035776
165,165,0.0021672
166,165,0.00036622
173,165,0.00035988
158,166,0.00035215
159,166,0.00035547
165,166,0.00036622
166,166,0.0021567
173,166,0.00035495
174,166,0.00037125
175,166,0.00035666
159,167,0.000322
160,167,0.00032832
167,167,0.0016218
174,167,0.00032175
286,167,0.0003278
291,167,0.00032191
161,168,0.00032943
168,168,0.0016574
169,168,0.00033038
170,168,0.00033074
176,168,0.00033332
177,168,0.00033356
161,169,0.00035038
162,169,0.00036988
168,169,0.00033038
169,169,0.0021058
176,169,0.00035065
293,169,0.00035186
298,169,0.00035264
67,170,0.0003469
161,170,0.00034532
163,170,0.00036179
168,170,0.00033074
170,170,0.0021147
171,170,0.00036483
177,170,0.00036515
67,171,0.00034943
69,171,0.0003633
78,171,0.00035037
170,171,0.00036483
171,171,0.0021276
177,171,0.00036399
179,171,0.00033565
76,172,0.0003559
164,172,0.00035763
172,172,0.0021342
173,172,0.00035543
180,172,0.00035982
181,172,0.00035576
182,172,0.00034964
164,173,0.00035788
165,173,0.00035988
166,173,0.00035495
172,173,0.00035543
173,173,0.0021378
175,173,0.00035358
182,173,0.00035606
159,174,0.0003487
166,174,0.00037125
167,174,0.00032175
174,174,0.0024467
175,174,0.00035512
291,174,0.0003502
295,174,0.00034126
296,174,0.00035846
166,175,0.00035666
173,175,0.00035358
174,175,0.00035512
175,175,0.0021144
182,175,0.00035153
183,175,0.00034849
295,175,0.00034899
168,176,0.00033332
169,176,0.00035065
176,176,0.0021104
177,176,0.00035723
178,176,0.00036268
298,176,0.0003592
300,176,0.00034732
168,177,0.00033356
170,177,0.00036515
171,177,0.00036399
176,177,0.00035723
177,177,0.0025068
178,177,0.00038335
179,177,0.00033733
184,177,0.00036624
176,178,0.00036268
177,178,0.00038335
178,178,0.0021882
184,178,0.00037763
185,178,0.0003551
300,178,0.00035566
305,178,0.00035379
78,179,0.00034255
171,179,0.00033565
177,179,0.00033733
179,179,0.0016887
184,179,0.00033702
186,179,0.00033619
76,180,0.00035895
84,180,0.00036081
85,180,0.000364
172,180,0.00035982
180,180,0.0021593
181,180,0.00035671
193,180,0.00035902
172,181,0.00035576
180,181,0.00035671
181,181,0.0021257
182,181,0.00035353
193,181,0.00035467
194,181,0.00035243
195,181,0.00035263
172,182,0.00034964
173,182,0.00035606
175,182,0.00035153
181,182,0.00035353
182,182,0.0020985
183,182,0.00033965
194,182,0.00034807
175,183,0.00034849
182,183,0.00033965
183,183,0.0020322
194,183,0.00034447
295,183,0.0003391
301,183,0.00032315
308,183,0.00033736
177,184,0.00036624
178,184,0.00037763
179,184,0.00033702
184,184,0.0024751
185,184,0.00034788
186,184,0.00035906
196,184,0.00032832
197,184,0.00035892
178,185,0.0003551
184,185,0.00034788
185,185,0.0020759
196,185,0.00032831
305,185,0.00034162
310,185,0.00035453
312,185,0.00034844
78,186,0.00034852
86,186,0.00035939
179,186,0.00033619
184,186,0.00035906
186,186,0.0021132
187,186,0.000349
197,186,0.000361
86,187,0.00036874
186,187,0.000349
187,187,0.0021433
188,187,0.0003594
197,187,0.00034816
198,187,0.00035476
199,187,0.00036325
86,188,0.00035885
87,188,0.00035844
187,188,0.0003594
188,188,0.0021707
189,188,0.00036607
198,188,0.00036045
200,188,0.00036753
87,189,0.00035234
88,189,0.00033335
90,189,0.00036356
188,189,0.00036607
189,189,0.0021286
200,189,0.00034841
201,189,0.00036489
91,190,0.00036174
92,190,0.00035988
93,190,0.0003622
190,190,0.002184
191,190,0.00036641
203,190,0.00036384
204,190,0.00036991
85,191,0.00036911
93,191,0.0003612
190,191,0.00036641
191,191,0.0021881
192,191,0.00035532
204,191,0.00037752
205,191,0.00035852
85,192,0.00036035
191,192,0.00035532
192,192,0.0021161
193,192,0.00035174
205,192,0.00034399
206,192,0.00035371
207,192,0.00035098
85,193,0.00035804
180,193,0.00035902
181,193,0.00035467
192,193,0.00035174
193,193,0.0021332
195,193,0.00035583
206,193,0.00035388
181,194,0.00035243
182,194,0.00034807
183,194,0.00034447
194,194,0.0020864
195,194,0.00035046
307,194,0.00034629
308,194,0.00034467
181,195,0.00035263
193,195,0.00035583
194,195,0.00035046
195,195,0.0021176
206,195,0.00035167
307,195,0.00035449
315,195,0.00035251
184,196,0.00032832
185,196,0.00032831
196,196,0.0016493
197,196,0.00032848
312,196,0.00033222
313,196,0.000332
184,197,0.00035892
186,197,0.000361
187,197,0.00034816
196,197,0.00032848
197,197,0.0021003
199,197,0.00036068
313,197,0.00034308
187,198,0.00035476
188,198,0.00036045
198,198,0.0021362
199,198,0.00035586
200,198,0.00035759
208,198,0.00035575
209,198,0.0003518
187,199,0.00036325
197,199,0.00036068
198,199,0.00035586
199,199,0.0021578
208,199,0.00036385
313,199,0.0003518
320,199,0.00036236
188,200,0.00036753
189,200,0.00034841
198,200,0.00035759
200,200,0.0021608
201,200,0.00035443
209,200,0.00035847
210,200,0.00037441
90,201,0.00036656
94,201,0.00033093
189,201,0.00036489
200,201,0.00035443
201,201,0.002151
202,201,0.00035452
210,201,0.00037969
94,202,0.00033455
201,202,0.00035452
202,202,0.0021103
203,202,0.00035409
210,202,0.0003689
212,202,0.00034653
213,202,0.0003517
92,203,0.00034747
94,203,0.00033929
190,203,0.00036384
202,203,0.00035409
203,203,0.0021245
204,203,0.00036069
213,203,0.00035913
190,204,0.00036991
191,204,0.00037752
203,204,0.00036069
204,204,0.0025284
205,204,0.00035595
213,204,0.0003747
214,204,0.00032969
215,204,0.0003599
191,205,0.00035852
192,205,0.00034399
204,205,0.00035595
205,205,0.0020788
207,205,0.00035342
214,205,0.00032748
216,205,0.00033949
192,206,0.00035371
193,206,0.00035388
195,206,0.00035167
206,206,0.0021152
207,206,0.00035125
314,206,0.00035224
315,206,0.00035248
192,207,0.00035098
205,207,0.00035342
206,207,0.00035125
207,207,0.0021068
216,207,0.00034633
314,207,0.00035611
326,207,0.00034875
198,208,0.00035575
199,208,0.00036385
208,208,0.0021466
209,208,0.0003669
320,208,0.00035747
322,208,0.00034258
323,208,0.0003601
198,209,0.0003518
200,209,0.00035847
208,209,0.0003669
209,209,0.0021337
210,209,0.00036838
211,209,0.00034147
323,209,0.00034666
200,210,0.00037441
201,210,0.00037969
202,210,0.0003689
209,210,0.00036838
210,210,0.0025694
211,210,0.00034592
212,210,0.00037101
217,210,0.00036109
209,211,0.00034147
210,211,0.00034592
211,211,0.0016951
217,211,0.00033047
323,211,0.00033681
332,211,0.00034048
202,212,0.00034653
210,212,0.00037101
212,212,0.0021341
213,212,0.00036229
217,212,0.00036152
218,212,0.00033374
219,212,0.00035899
202,213,0.0003517
203,213,0.00035913
204,213,0.0003747
212,213,0.00036229
213,213,0.0021627
215,213,0.00035995
219,213,0.00035497
204,214,0.00032969
205,214,0.00032748
214,214,0.0016405
215,214,0.00032658
216,214,0.00032761
324,214,0.00032914
204,215,0.0003599
213,215,0.00035995
214,215,0.00032658
215,215,0.0020743
219,215,0.00034141
324,215,0.00033584
336,215,0.00035063
205,216,0.00033949
207,216,0.00034633
214,216,0.00032761
216,216,0.0020488
324,216,0.0003408
325,216,0.00035047
326,216,0.00034412
210,217,0.00036109
211,217,0.00033047
212,217,0.00036152
217,217,0.0020879
218,217,0.0003395
332,217,0.00034337
333,217,0.00035197
212,218,0.00033374
217,218,0.0003395
218,218,0.0020056
219,218,0.00034058
333,218,0.00033462
334,218,0.00032272
335,218,0.00033444
212,219,0.00035899
213,219,0.00035497
215,219,0.00034141
218,219,0.00034058
219,219,0.0020839
335,219,0.00034154
336,219,0.00034639
220,220,0.002141
221,220,0.00035333
222,220,0.0003532
223,220,0.00035916
224,220,0.00036082
233,220,0.00035812
234,220,0.00035633
220,221,0.00035333
221,221,0.0021107
222,221,0.00034472
232,221,0.00035099
233,221,0.00036082
346,221,0.00035105
361,221,0.00034982
220,222,0.0003532
221,222,0.00034472
222,222,0.0020788
224,222,0.00034503
346,222,0.00034583
349,222,0.00034963
351,222,0.00034035
220,223,0.00035916
223,223,0.0021046
224,223,0.0003436
225,223,0.00033178
234,223,0.00035311
235,223,0.00035562
236,223,0.00036138
220,224,0.00036082
222,224,0.00034503
223,224,0.0003436
224,224,0.0020984
225,224,0.00033561
351,224,0.00035277
353,224,0.00036057
223,225,0.00033178
224,225,0.00033561
225,225,0.0016645
235,225,0.00033191
353,225,0.00033663
362,225,0.00032854
96,226,0.00034653
226,226,0.0020757
227,226,0.00034467
228,226,0.00032952
229,226,0.00035035
230,226,0.00034667
245,226,0.000358
226,227,0.00034467
227,227,0.0021096
228,227,0.00032046
244,227,0.00034746
245,227,0.00037463
356,227,0.00036266
373,227,0.0003597
226,228,0.00032952
227,228,0.00032046
228,228,0.0016323
230,228,0.00033467
356,228,0.00032189
359,228,0.00032578
96,229,0.00034603
97,229,0.00034959
226,229,0.00035035
229,229,0.0020925
230,229,0.0003481
231,229,0.0003521
232,229,0.00034628
226,230,0.00034667
228,230,0.00033467
229,230,0.0003481
230,230,0.0020661
232,230,0.00034499
359,230,0.00034141
361,230,0.0003503
97,231,0.00034006
99,231,0.00032515
101,231,0.00035185
229,231,0.0003521
231,231,0.002066
232,231,0.00034109
233,231,0.00035575
221,232,0.00035099
229,232,0.00034628
230,232,0.00034499
231,232,0.00034109
232,232,0.0020741
233,232,0.00034593
361,232,0.00034485
101,233,0.00037369
220,233,0.00035812
221,233,0.00036082
231,233,0.00035575
232,233,0.00034593
233,233,0.0021555
234,233,0.00036117
101,234,0.00036593
103,234,0.00036768
220,234,0.00035633
223,234,0.00035311
233,234,0.00036117
234,234,0.0021639
236,234,0.00035969
223,235,0.00035562
225,235,0.00033191
235,235,0.0024802
236,235,0.00037919
237,235,0.00035693
238,235,0.00034065
362,235,0.00035217
364,235,0.00036372
103,236,0.00037194
105,236,0.00036115
223,236,0.00036138
234,236,0.00035969
235,236,0.00037919
236,236,0.0022001
237,236,0.0003667
105,237,0.00034973
107,237,0.00036325
235,237,0.00035693
236,237,0.0003667
237,237,0.0021167
238,237,0.00032841
239,237,0.0003517
235,238,0.00034065
237,238,0.00032841
238,238,0.0016706
239,238,0.00033371
240,238,0.00033153
364,238,0.00033633
107,239,0.00036922
237,239,0.0003517
238,239,0.00033371
239,239,0.0024378
240,239,0.00033856
241,239,0.00033156
246,239,0.00036506
247,239,0.00034798
238,240,0.00033153
239,240,0.00033856
240,240,0.0020233
241,240,0.00033005
364,240,0.00033461
365,240,0.00035005
367,240,0.00033847
239,241,0.00033156
240,241,0.00033005
241,241,0.0016401
247,241,0.00032469
367,241,0.00032736
375,241,0.0003264
110,242,0.00032392
242,242,0.0016337
243,242,0.00033122
244,242,0.00032227
245,242,0.00032404
255,242,0.00033223
242,243,0.00033122
243,243,0.0020779
244,243,0.00034084
254,243,0.00035362
255,243,0.00034851
370,243,0.00035412
382,243,0.00034959
227,244,0.00034746
242,244,0.00032227
243,244,0.00034084
244,244,0.0020611
245,244,0.00035126
370,244,0.00036083
373,244,0.00033845
96,245,0.00035789
110,245,0.00035115
111,245,0.00037378
226,245,0.000358
227,245,0.00037463
242,245,0.00032404
244,245,0.00035126
245,245,0.0024907
107,246,0.00036158
108,246,0.00036029
118,246,0.00036044
239,246,0.00036506
246,246,0.0021574
247,246,0.00035667
248,246,0.00035335
239,247,0.00034798
241,247,0.00032469
246,247,0.00035667
247,247,0.002071
248,247,0.00034239
250,247,0.00035413
375,247,0.00034512
118,248,0.00035669
121,248,0.00035034
246,248,0.00035335
247,248,0.00034239
248,248,0.0021135
249,248,0.00035769
250,248,0.00035309
121,249,0.00035612
248,249,0.00035769
249,249,0.0021543
250,249,0.00036007
251,249,0.00036009
256,249,0.00035938
257,249,0.00036098
247,250,0.00035413
248,250,0.00035309
249,250,0.00036007
250,250,0.0021403
251,250,0.00036443
375,250,0.00035265
377,250,0.00035596
249,251,0.00036009
250,251,0.00036443
251,251,0.0021853
257,251,0.00036461
377,251,0.00037011
383,251,0.00036247
384,251,0.00036364
124,252,0.00035745
125,252,0.00035369
252,252,0.0021301
253,252,0.00035888
254,252,0.00035866
255,252,0.00034872
261,252,0.0003527
252,253,0.00035888
253,253,0.002182
254,253,0.00036057
260,253,0.00035767
261,253,0.00036105
379,253,0.00037444
386,253,0.00036936
243,254,0.00035362
252,254,0.00035866
253,254,0.00036057
254,254,0.0021719
255,254,0.00035564
379,254,0.0003737
382,254,0.00036976
110,255,0.00034391
125,255,0.00035327
242,255,0.00033223
243,255,0.00034851
252,255,0.00034872
254,255,0.00035564
255,255,0.0020823
121,256,0.0003566
122,256,0.00034969
249,256,0.00035938
256,256,0.002137
257,256,0.00035591
262,256,0.00035598
263,256,0.00035942
249,257,0.00036098
251,257,0.00036461
256,257,0.00035591
257,257,0.0021623
263,257,0.00036027
383,257,0.00035993
388,257,0.00036065
133,258,0.0003476
134,258,0.00035355
258,258,0.0021058
260,258,0.0003474
261,258,0.00035304
266,258,0.00035193
267,258,0.00035224
259,259,0.0020964
260,259,0.00034661
267,259,0.00035416
386,259,0.00036444
392,259,0.00032962
394,259,0.00035955
397,259,0.00034206
253,260,0.00035767
258,260,0.0003474
259,260,0.00034661
260,260,0.0021033
261,260,0.00035285
267,260,0.00035588
386,260,0.00034294
124,261,0.00035259
134,261,0.00036114
252,261,0.0003527
253,261,0.00036105
258,261,0.00035304
260,261,0.00035285
261,261,0.0021334
122,262,0.00035648
138,262,0.00035583
140,262,0.00035393
256,262,0.00035598
262,262,0.0021371
263,262,0.00035817
264,262,0.00035676
256,263,0.00035942
257,263,0.00036027
262,263,0.00035817
263,263,0.0021541
264,263,0.00035695
265,263,0.00035863
388,263,0.00036069
140,264,0.00035615
262,264,0.00035676
263,264,0.00035695
264,264,0.0021375
265,264,0.00035806
268,264,0.00035393
269,264,0.00035565
263,265,0.00035863
264,265,0.00035806
265,265,0.0021483
269,265,0.00035683
388,265,0.00035869
390,265,0.00035871
395,265,0.00035742
133,266,0.00035299
258,266,0.00035193
266,266,0.0021262
267,266,0.00035499
272,266,0.00035561
273,266,0.00035556
279,266,0.00035512
258,267,0.00035224
259,267,0.00035416
260,267,0.00035588
266,267,0.00035499
267,267,0.0021252
273,267,0.00035618
397,267,0.00035171
140,268,0.00035242
146,268,0.00035279
264,268,0.00035393
268,268,0.0021197
269,268,0.00035577
270,268,0.00035315
274,268,0.00035169
264,269,0.00035565
265,269,0.00035683
268,269,0.00035577
269,269,0.0021364
270,269,0.00035499
271,269,0.00035561
395,269,0.00035756
268,270,0.00035315
269,270,0.00035499
270,270,0.0021261
271,270,0.00035594
274,270,0.00035407
275,270,0.00035396
276,270,0.00035398
269,271,0.00035561
270,271,0.00035594
271,271,0.0021359
276,271,0.00035569
395,271,0.00035667
399,271,0.00035534
400,271,0.00035666
133,272,0.00034708
142,272,0.0003362
148,272,0.00034271
266,272,0.00035561
272,272,0.0020895
279,272,0.00035495
280,272,0.00035292
266,273,0.00035556
267,273,0.00035618
273,273,0.0021514
278,273,0.00037418
279,273,0.00035938
397,273,0.00034595
405,273,0.00036014
146,274,0.00035146
152,274,0.00035172
154,274,0.00035002
268,274,0.00035169
270,274,0.00035407
274,274,0.0021111
275,274,0.00035214
154,275,0.00035221
270,275,0.00035396
274,275,0.00035214
275,275,0.0021173
276,275,0.00035464
281,275,0.00035188
282,275,0.00035248
270,276,0.00035398
271,276,0.00035569
275,276,0.00035464
276,276,0.0021287
282,276,0.00035444
399,276,0.00035595
406,276,0.00035404
277,277,0.0022075
278,277,0.00037955
279,277,0.00036613
280,277,0.00035802
283,277,0.00036616
284,277,0.00036526
285,277,0.00037234
273,278,0.00037418
277,278,0.00037955
278,278,0.0025994
279,278,0.00037049
284,278,0.00037196
402,278,0.00036725
405,278,0.00036823
408,278,0.00036775
266,279,0.00035512
272,279,0.00035495
273,279,0.00035938
277,279,0.00036613
278,279,0.00037049
279,279,0.0021609
280,279,0.00035483
148,280,0.00036146
156,280,0.00035577
272,280,0.00035292
277,280,0.00035802
279,280,0.00035483
280,280,0.0021334
285,280,0.00035042
154,281,0.00035093
160,281,0.00034733
275,281,0.00035188
281,281,0.0020972
282,281,0.00035088
286,281,0.00034679
287,281,0.0003494
275,282,0.00035248
276,282,0.00035444
281,282,0.00035088
282,282,0.0021149
287,282,0.00035194
406,282,0.00035304
410,282,0.00035215
277,283,0.00036616
283,283,0.0021314
284,283,0.00034723
285,283,0.00035488
288,283,0.00035899
289,283,0.00034053
290,283,0.00036357
277,284,0.00036526
278,284,0.00037196
283,284,0.00034723
284,284,0.0021472
288,284,0.0003607
408,284,0.00034764
412,284,0.00035441
156,285,0.00035888
162,285,0.00036612
277,285,0.00037234
280,285,0.00035042
283,285,0.00035488
285,285,0.0021428
289,285,0.0003402
160,286,0.00034228
167,286,0.0003278
281,286,0.00034679
286,286,0.0020474
287,286,0.0003417
291,286,0.00033971
292,286,0.00034911
281,287,0.0003494
282,287,0.00035194
286,287,0.0003417
287,287,0.0020931
292,287,0.00034896
410,287,0.0003482
414,287,0.00035291
283,288,0.00035899
284,288,0.0003607
288,288,0.0021457
290,288,0.00036517
412,288,0.00035674
416,288,0.00034699
418,288,0.00035713
162,289,0.00034578
283,289,0.00034053
285,289,0.0003402
289,289,0.0017054
290,289,0.00034616
293,289,0.0003327
283,290,0.00036357
288,290,0.00036517
289,290,0.00034616
290,290,0.0025026
293,290,0.00034535
294,290,0.00037056
418,290,0.00035081
422,290,0.000361
167,291,0.00032191
174,291,0.0003502
286,291,0.00033971
291,291,0.0020605
292,291,0.00035556
296,291,0.00035276
297,291,0.00034031
286,292,0.00034911
287,292,0.00034896
291,292,0.00035556
292,292,0.0021117
297,292,0.00035202
414,292,0.00035471
419,292,0.00035133
162,293,0.00035047
169,293,0.00035186
289,293,0.0003327
290,293,0.00034535
293,293,0.0020728
294,293,0.00035186
298,293,0.0003406
290,294,0.00037056
293,294,0.00035186
294,294,0.002106
298,294,0.00035597
299,294,0.00032645
304,294,0.00034923
422,294,0.0003519
174,295,0.00034126
175,295,0.00034899
183,295,0.0003391
295,295,0.0020251
296,295,0.00034074
301,295,0.00032281
303,295,0.00033218
174,296,0.00035846
291,296,0.00035276
295,296,0.00034074
296,296,0.0020896
297,296,0.00034828
302,296,0.00035129
303,296,0.00033805
291,297,0.00034031
292,297,0.00035202
296,297,0.00034828
297,297,0.0020963
302,297,0.00035475
419,297,0.00035307
424,297,0.00034782
169,298,0.00035264
176,298,0.0003592
293,298,0.0003406
294,298,0.00035597
298,298,0.002112
300,298,0.0003474
304,298,0.00035622
294,299,0.00032645
299,299,0.0016294
304,299,0.00032894
422,299,0.0003258
426,299,0.00032547
431,299,0.00032279
176,300,0.00034732
178,300,0.00035566
298,300,0.0003474
300,300,0.0020974
304,300,0.00034738
305,300,0.00035401
306,300,0.00034565
183,301,0.00032315
295,301,0.00032281
301,301,0.0016179
303,301,0.0003218
308,301,0.00032512
309,301,0.00032499
296,302,0.00035129
297,302,0.00035475
302,302,0.0020914
303,302,0.00033571
424,302,0.00034517
428,302,0.00034926
429,302,0.00035525
295,303,0.00033218
296,303,0.00033805
301,303,0.0003218
302,303,0.00033571
303,303,0.0020094
309,303,0.00033681
428,303,0.00034485
294,304,0.00034923
298,304,0.00035622
299,304,0.00032894
300,304,0.00034738
304,304,0.0020782
306,304,0.00035392
431,304,0.00034248
178,305,0.00035379
185,305,0.00034162
300,305,0.00035401
305,305,0.0021047
306,305,0.00034707
310,305,0.0003515
311,305,0.00035673
300,306,0.00034565
304,306,0.00035392
305,306,0.00034707
306,306,0.0020949
311,306,0.00035765
431,306,0.00034418
433,306,0.00034648
194,307,0.00034629
195,307,0.00035449
307,307,0.0020998
308,307,0.00033907
315,307,0.00034778
316,307,0.00035584
317,307,0.00035635
183,308,0.00033736
194,308,0.00034467
301,308,0.00032512
307,308,0.00033907
308,308,0.0020315
309,308,0.0003393
316,308,0.00034595
301,309,0.00032499
303,309,0.00033681
308,309,0.0003393
309,309,0.0020497
316,309,0.00034978
428,309,0.00035008
434,309,0.00034874
185,310,0.00035453
305,310,0.0003515
310,310,0.0021361
311,310,0.00035945
312,310,0.00035732
318,310,0.00035924
319,310,0.00035408
305,311,0.00035673
306,311,0.00035765
310,311,0.00035945
311,311,0.0021507
318,311,0.00035576
433,311,0.00036286
438,311,0.00035825
185,312,0.00034844
196,312,0.00033222
310,312,0.00035732
312,312,0.0020994
313,312,0.00035083
319,312,0.00035041
321,312,0.00036014
196,313,0.000332
197,313,0.00034308
199,313,0.0003518
312,313,0.00035083
313,313,0.0020764
320,313,0.00034431
321,313,0.00035441
206,314,0.00035224
207,314,0.00035611
314,314,0.0021295
315,314,0.00035278
326,314,0.00035429
327,314,0.0003582
328,314,0.00035584
195,315,0.00035251
206,315,0.00035248
307,315,0.00034778
314,315,0.00035278
315,315,0.0021129
317,315,0.00035116
327,315,0.00035619
307,316,0.00035584
308,316,0.00034595
309,316,0.00034978
316,316,0.0021335
317,316,0.00035402
434,316,0.00036676
440,316,0.0003611
307,317,0.00035635
315,317,0.00035116
316,317,0.00035402
317,317,0.0021274
327,317,0.00035996
440,317,0.0003474
