1,1,3.4766
2,1,-0.62962
4,1,-0.56968
5,1,-0.49588
13,1,-0.63567
14,1,-0.4732
15,1,-0.67252
1,2,-0.62962
2,2,3.4694
3,2,-0.54093
5,2,-0.56257
13,2,-0.55249
113,2,-0.6637
127,2,-0.52012
2,3,-0.54093
3,3,3.4914
5,3,-0.69013
98,3,-0.74842
100,3,-0.49129
113,3,-0.45372
114,3,-0.56693
1,4,-0.56968
4,4,3.4743
5,4,-0.67742
6,4,-0.58463
7,4,-0.48941
15,4,-0.49928
16,4,-0.6539
1,5,-0.49588
2,5,-0.56257
3,5,-0.69013
4,5,-0.67742
5,5,3.4805
7,5,-0.59548
114,5,-0.459
4,6,-0.58463
6,6,3.4677
7,6,-0.62389
8,6,-0.6221
9,6,-0.50336
16,6,-0.5484
17,6,-0.58532
4,7,-0.48941
5,7,-0.59548
6,7,-0.62389
7,7,3.4841
9,7,-0.67515
114,7,-0.67258
115,7,-0.42764
6,8,-0.6221
8,8,3.4831
9,8,-0.53
10,8,-0.58083
17,8,-0.63558
18,8,-0.69585
19,8,-0.41878
6,9,-0.50336
7,9,-0.67515
8,9,-0.53
9,9,3.4735
10,9,-0.65998
115,9,-0.57757
116,9,-0.52741
8,10,-0.58083
9,10,-0.65998
10,10,3.4866
18,10,-0.46632
116,10,-0.55551
117,10,-0.47849
128,10,-0.74547
11,11,3.4777
12,11,-0.61224
13,11,-0.61826
14,11,-0.63142
23,11,-0.66808
25,11,-0.46035
26,11,-0.48734
11,12,-0.61224
12,12,3.4653
13,12,-0.52701
25,12,-0.61611
126,12,-0.59218
127,12,-0.59383
136,12,-0.52393
1,13,-0.63567
2,13,-0.55249
11,13,-0.61826
12,13,-0.52701
13,13,3.4671
14,13,-0.53345
127,13,-0.60024
1,14,-0.4732
11,14,-0.63142
13,14,-0.53345
14,14,3.4725
15,14,-0.65918
26,14,-0.56933
27,14,-0.60589
1,15,-0.67252
4,15,-0.49928
14,15,-0.65918
15,15,3.4915
16,15,-0.57193
27,15,-0.39831
28,15,-0.69027
4,16,-0.6539
6,16,-0.5484
15,16,-0.57193
16,16,3.4812
17,16,-0.50171
28,16,-0.48037
29,16,-0.72492
6,17,-0.58532
8,17,-0.63558
16,17,-0.50171
17,17,3.4676
19,17,-0.60538
29,17,-0.5763
30,17,-0.56332
8,18,-0.69585
10,18,-0.46632
18,18,3.5382
19,18,-0.72206
20,18,-0.3505
21,18,-0.83364
128,18,-0.46987
8,19,-0.41878
17,19,-0.60538
18,19,-0.72206
19,19,3.4841
20,19,-0.6135
30,19,-0.54543
31,19,-0.57891
18,20,-0.3505
19,20,-0.6135
20,20,3.4009
21,20,-0.62435
22,20,-0.37347
31,20,-0.5336
32,20,-0.39238
33,20,-0.51309
18,21,-0.83364
20,21,-0.62435
21,21,3.5354
22,21,-0.5482
128,21,-0.57027
129,21,-0.29709
130,21,-0.66189
20,22,-0.37347
21,22,-0.5482
22,22,3.6063
33,22,-1.0557
130,22,-0.71193
137,22,-0.49554
144,22,-0.42146
11,23,-0.66808
23,23,3.5415
24,23,-0.32742
25,23,-0.67149
26,23,-0.67332
34,23,-0.39184
35,23,-0.80936
23,24,-0.32742
24,24,3.5165
25,24,-0.61814
35,24,-0.69924
141,24,-0.5718
143,24,-0.77506
149,24,-0.52486
11,25,-0.46035
12,25,-0.61611
23,25,-0.67149
24,25,-0.61814
25,25,3.4807
136,25,-0.63746
143,25,-0.47714
11,26,-0.48734
14,26,-0.56933
23,26,-0.67332
26,26,3.479
27,26,-0.50449
34,26,-0.57003
36,26,-0.67449
14,27,-0.60589
15,27,-0.39831
26,27,-0.50449
27,27,3.5243
28,27,-0.83652
36,27,-0.70493
37,27,-0.47418
15,28,-0.69027
16,28,-0.48037
27,28,-0.83652
28,28,3.5966
29,28,-0.44906
37,28,-0.25554
38,28,-0.88482
16,29,-0.72492
17,29,-0.5763
28,29,-0.44906
29,29,3.4811
30,29,-0.62228
38,29,-0.55124
39,29,-0.55726
17,30,-0.56332
19,30,-0.54543
29,30,-0.62228
30,30,3.4692
31,30,-0.66995
39,30,-0.5069
40,30,-0.5613
19,31,-0.57891
20,31,-0.5336
30,31,-0.66995
31,31,3.4953
32,31,-0.77773
40,31,-0.49145
41,31,-0.4437
20,32,-0.39238
31,32,-0.77773
32,32,3.5513
33,32,-0.8279
41,32,-0.59456
42,32,-0.61504
43,32,-0.34366
20,33,-0.51309
22,33,-1.0557
32,33,-0.8279
33,33,3.7487
43,33,-0.87415
144,33,-0.4778
23,34,-0.39184
26,34,-0.57003
34,34,3.4454
35,34,-0.69482
36,34,-0.37026
44,34,-0.37679
45,34,-0.32016
46,34,-0.72144
23,35,-0.80936
24,35,-0.69924
34,35,-0.69482
35,35,3.6526
45,35,-0.86119
149,35,-0.58796
26,36,-0.67449
27,36,-0.70493
34,36,-0.37026
36,36,3.5176
37,36,-0.60864
46,36,-0.73386
47,36,-0.42538
27,37,-0.47418
28,37,-0.25554
36,37,-0.60864
37,37,3.4492
38,37,-0.74991
47,37,-0.6242
48,37,-0.37442
49,37,-0.36232
28,38,-0.88482
29,38,-0.55124
37,38,-0.74991
38,38,3.6648
39,38,-0.65557
49,38,-0.82323
29,39,-0.55726
30,39,-0.5069
38,39,-0.65557
39,39,3.501
40,39,-0.70827
49,39,-0.36753
50,39,-0.70548
30,40,-0.5613
31,40,-0.49145
39,40,-0.70827
40,40,3.4999
41,40,-0.74731
50,40,-0.39701
51,40,-0.59453
31,41,-0.4437
32,41,-0.59456
40,41,-0.74731
41,41,3.487
42,41,-0.60635
51,41,-0.48534
52,41,-0.60976
32,42,-0.61504
41,42,-0.60635
42,42,3.4683
43,42,-0.55654
52,42,-0.50147
53,42,-0.60523
54,42,-0.5837
32,43,-0.34366
33,43,-0.87415
42,43,-0.55654
43,43,3.5697
53,43,-0.66142
144,43,-0.35868
150,43,-0.77527
34,44,-0.37679
44,44,3.5441
45,44,-0.76971
46,44,-0.80682
56,44,-0.6082
57,44,-0.5933
58,44,-0.38931
34,45,-0.32016
35,45,-0.86119
44,45,-0.76971
45,45,3.5617
57,45,-0.59943
149,45,-0.41728
157,45,-0.59389
34,46,-0.72144
36,46,-0.73386
44,46,-0.80682
46,46,3.6365
47,46,-0.72652
58,46,-0.64786
36,47,-0.42538
37,47,-0.6242
46,47,-0.72652
47,47,3.5275
48,47,-0.83044
58,47,-0.39453
59,47,-0.52641
37,48,-0.37442
47,48,-0.83044
48,48,3.5375
49,48,-0.78715
59,48,-0.47536
60,48,-0.54524
61,48,-0.52486
37,49,-0.36232
38,49,-0.82323
39,49,-0.36753
48,49,-0.78715
49,49,3.5543
50,49,-0.59934
61,49,-0.61475
39,50,-0.70548
40,50,-0.39701
49,50,-0.59934
50,50,3.4901
51,50,-0.66417
61,50,-0.49975
62,50,-0.62437
40,51,-0.59453
41,51,-0.48534
50,51,-0.66417
51,51,3.4739
52,51,-0.62124
62,51,-0.49136
63,51,-0.61727
41,52,-0.60976
42,52,-0.50147
51,52,-0.62124
52,52,3.4694
54,52,-0.64348
63,52,-0.50166
64,52,-0.59184
42,53,-0.60523
43,53,-0.66142
53,53,3.4915
54,53,-0.52663
55,53,-0.72295
65,53,-0.58892
150,53,-0.3864
42,54,-0.5837
52,54,-0.64348
53,54,-0.52663
54,54,3.4672
64,54,-0.50396
65,54,-0.60966
66,54,-0.59982
53,55,-0.72295
55,55,3.4812
65,55,-0.50763
150,55,-0.56639
151,55,-0.51641
158,55,-0.66393
165,55,-0.50386
44,56,-0.6082
56,56,3.4892
57,56,-0.43541
58,56,-0.71405
67,56,-0.67191
68,56,-0.45756
69,56,-0.6021
44,57,-0.5933
45,57,-0.59943
56,57,-0.43541
57,57,3.4883
67,57,-0.71141
157,57,-0.4869
163,57,-0.66182
44,58,-0.38931
46,58,-0.64786
47,58,-0.39453
56,58,-0.71405
58,58,3.5204
59,58,-0.78353
68,58,-0.59108
47,59,-0.52641
48,59,-0.47536
58,59,-0.78353
59,59,3.5108
60,59,-0.7041
68,59,-0.37964
70,59,-0.64175
48,60,-0.54524
59,60,-0.7041
60,60,3.4835
61,60,-0.57552
70,60,-0.44822
71,60,-0.68902
72,60,-0.52144
48,61,-0.52486
49,61,-0.61475
50,61,-0.49975
60,61,-0.57552
61,61,3.4709
62,61,-0.59638
72,61,-0.65962
50,62,-0.62437
51,62,-0.49136
61,62,-0.59638
62,62,3.4701
63,62,-0.60718
72,62,-0.50772
73,62,-0.64315
51,63,-0.61727
52,63,-0.50166
62,63,-0.60718
63,63,3.4686
64,63,-0.64191
73,63,-0.51031
74,63,-0.59029
52,64,-0.59184
54,64,-0.50396
63,64,-0.64191
64,64,3.4688
66,64,-0.62758
74,64,-0.50737
75,64,-0.59616
53,65,-0.58892
54,65,-0.60966
55,65,-0.50763
65,65,3.4683
66,65,-0.51533
164,65,-0.60336
165,65,-0.64345
54,66,-0.59982
64,66,-0.62758
65,66,-0.51533
66,66,3.4666
75,66,-0.52327
76,66,-0.57214
164,66,-0.62848
56,67,-0.67191
57,67,-0.71141
67,67,3.502
69,67,-0.4681
163,67,-0.38231
170,67,-0.59622
171,67,-0.67206
56,68,-0.45756
58,68,-0.59108
59,68,-0.37964
68,68,3.5098
69,68,-0.70891
70,68,-0.77758
77,68,-0.59505
56,69,-0.6021
67,69,-0.4681
68,69,-0.70891
69,69,3.5054
77,69,-0.42165
78,69,-0.78657
171,69,-0.51805
59,70,-0.64175
60,70,-0.44822
68,70,-0.77758
70,70,3.5433
71,70,-0.49214
77,70,-0.35028
79,70,-0.83337
60,71,-0.68902
70,71,-0.49214
71,71,3.4877
72,71,-0.56767
79,71,-0.59218
80,71,-0.7012
81,71,-0.44549
60,72,-0.52144
61,72,-0.65962
62,72,-0.50772
71,72,-0.56767
72,72,3.4728
73,72,-0.54181
81,72,-0.67449
62,73,-0.64315
63,73,-0.51031
72,73,-0.54181
73,73,3.4671
74,73,-0.63116
81,73,-0.56518
82,73,-0.57552
63,74,-0.59029
64,74,-0.50737
73,74,-0.63116
74,74,3.4666
75,74,-0.6077
82,74,-0.52876
83,74,-0.60129
64,75,-0.59616
66,75,-0.52327
74,75,-0.6077
75,75,3.4656
76,75,-0.63811
83,75,-0.56359
84,75,-0.53673
66,76,-0.57214
75,76,-0.63811
76,76,3.4672
84,76,-0.57212
164,76,-0.5214
172,76,-0.63916
180,76,-0.52423
68,77,-0.59505
69,77,-0.42165
70,77,-0.35028
77,77,3.3934
78,77,-0.56132
79,77,-0.55358
86,77,-0.36059
87,77,-0.5509
69,78,-0.78657
77,78,-0.56132
78,78,3.5175
86,78,-0.7865
171,78,-0.46325
179,78,-0.46733
186,78,-0.4525
70,79,-0.83337
71,79,-0.59218
77,79,-0.55358
79,79,3.5291
80,79,-0.31405
87,79,-0.57122
88,79,-0.66467
71,80,-0.7012
79,80,-0.31405
80,80,3.5488
81,80,-0.65168
88,80,-0.83975
89,80,-0.63983
90,80,-0.40229
71,81,-0.44549
72,81,-0.67449
73,81,-0.56518
80,81,-0.65168
81,81,3.477
82,81,-0.60237
89,81,-0.53783
73,82,-0.57552
74,82,-0.52876
81,82,-0.60237
82,82,3.4653
83,82,-0.55355
89,82,-0.56766
91,82,-0.63744
74,83,-0.60129
75,83,-0.56359
82,83,-0.55355
83,83,3.4648
84,83,-0.61886
91,83,-0.60784
93,83,-0.51969
75,84,-0.53673
76,84,-0.57212
83,84,-0.61886
84,84,3.4645
85,84,-0.52837
93,84,-0.5919
180,84,-0.61654
84,85,-0.52837
85,85,3.4686
93,85,-0.61325
180,85,-0.61282
191,85,-0.59984
192,85,-0.61979
193,85,-0.49454
77,86,-0.36059
78,86,-0.7865
86,86,3.538
87,86,-0.83562
186,86,-0.56177
187,86,-0.54324
188,86,-0.45031
77,87,-0.5509
79,87,-0.57122
86,87,-0.83562
87,87,3.5327
88,87,-0.66962
188,87,-0.60618
189,87,-0.29914
79,88,-0.66467
80,88,-0.83975
87,88,-0.66962
88,88,3.6524
90,88,-0.63134
189,88,-0.84698
80,89,-0.63983
81,89,-0.53783
82,89,-0.56766
89,89,3.4869
90,89,-0.57776
91,89,-0.43213
92,89,-0.73167
80,90,-0.40229
88,90,-0.63134
89,90,-0.57776
90,90,3.4573
92,90,-0.31555
94,90,-0.79798
189,90,-0.43278
201,90,-0.29959
82,91,-0.63744
83,91,-0.60784
89,91,-0.43213
91,91,3.4875
92,91,-0.71735
93,91,-0.61536
190,91,-0.47736
89,92,-0.73167
90,92,-0.31555
91,92,-0.71735
92,92,3.5435
94,92,-0.79395
190,92,-0.55871
203,92,-0.42623
83,93,-0.51969
84,93,-0.5919
85,93,-0.61325
91,93,-0.61536
93,93,3.4658
190,93,-0.60406
191,93,-0.52154
90,94,-0.79798
92,94,-0.79395
94,94,3.6432
201,94,-0.72207
202,94,-0.69037
203,94,-0.63878
95,95,3.468
96,95,-0.54921
97,95,-0.60935
98,95,-0.51912
111,95,-0.55287
112,95,-0.66682
113,95,-0.5706
95,96,-0.54921
96,96,3.4929
97,96,-0.55397
111,96,-0.7262
226,96,-0.72425
229,96,-0.4486
245,96,-0.49068
95,97,-0.60935
96,97,-0.55397
97,97,3.4918
98,97,-0.59996
99,97,-0.54437
229,97,-0.77286
231,97,-0.4113
3,98,-0.74842
95,98,-0.51912
97,98,-0.59996
98,98,3.4931
99,98,-0.60278
100,98,-0.39539
113,98,-0.62742
97,99,-0.54437
98,99,-0.60278
99,99,3.682
100,99,-0.88788
101,99,-0.736
231,99,-0.91101
3,100,-0.49129
98,100,-0.39539
99,100,-0.88788
100,100,3.5976
101,100,-0.27219
102,100,-0.80931
114,100,-0.74155
99,101,-0.736
100,101,-0.27219
101,101,3.4406
102,101,-0.55668
103,101,-0.5194
231,101,-0.26915
233,101,-0.48361
234,101,-0.60361
100,102,-0.80931
101,102,-0.55668
102,102,3.5123
103,102,-0.62088
104,102,-0.6212
114,102,-0.3431
115,102,-0.56112
101,103,-0.5194
102,103,-0.62088
103,103,3.469
104,103,-0.53757
105,103,-0.58644
234,103,-0.66602
236,103,-0.53874
102,104,-0.6212
103,104,-0.53757
104,104,3.464
105,104,-0.58891
106,104,-0.5641
115,104,-0.55816
116,104,-0.59401
103,105,-0.58644
104,105,-0.58891
105,105,3.4727
106,105,-0.66738
107,105,-0.46483
236,105,-0.56566
237,105,-0.59945
104,106,-0.5641
105,106,-0.66738
106,106,3.4735
107,106,-0.49563
108,106,-0.62189
116,106,-0.50455
117,106,-0.6199
105,107,-0.46483
106,107,-0.49563
107,107,3.4973
108,107,-0.68267
237,107,-0.77731
239,107,-0.57562
246,107,-0.50128
106,108,-0.62189
107,108,-0.68267
108,108,3.4837
117,108,-0.43656
118,108,-0.51038
119,108,-0.68862
246,108,-0.54358
109,109,3.4747
110,109,-0.60324
111,109,-0.49907
112,109,-0.67844
123,109,-0.6441
125,109,-0.51467
126,109,-0.53516
109,110,-0.60324
110,110,3.5584
111,110,-0.77662
125,110,-0.6529
242,110,-0.82687
245,110,-0.34689
255,110,-0.35185
95,111,-0.55287
96,111,-0.7262
109,111,-0.49907
110,111,-0.77662
111,111,3.5042
112,111,-0.47988
245,111,-0.46957
95,112,-0.66682
109,112,-0.67844
111,112,-0.47988
112,112,3.4751
113,112,-0.53768
126,112,-0.5666
127,112,-0.54571
2,113,-0.6637
3,113,-0.45372
95,113,-0.5706
98,113,-0.62742
112,113,-0.53768
113,113,3.4748
127,113,-0.62164
3,114,-0.56693
5,114,-0.459
7,114,-0.67258
100,114,-0.74155
102,114,-0.3431
114,114,3.5188
115,114,-0.7356
7,115,-0.42764
9,115,-0.57757
102,115,-0.56112
104,115,-0.55816
114,115,-0.7356
115,115,3.4843
116,115,-0.62419
9,116,-0.52741
10,116,-0.55551
104,116,-0.59401
106,116,-0.50455
115,116,-0.62419
116,116,3.4696
117,116,-0.66394
10,117,-0.47849
106,117,-0.6199
108,117,-0.43656
116,117,-0.66394
117,117,3.4851
119,117,-0.69031
128,117,-0.59585
108,118,-0.51038
118,118,3.4781
119,118,-0.5481
120,118,-0.66987
121,118,-0.47198
246,118,-0.69341
248,118,-0.58435
108,119,-0.68862
117,119,-0.69031
118,119,-0.5481
119,119,3.5071
120,119,-0.4914
128,119,-0.36019
129,119,-0.72843
118,120,-0.66987
119,120,-0.4914
120,120,3.4753
121,120,-0.58875
122,120,-0.48738
129,120,-0.58911
131,120,-0.64877
118,121,-0.47198
120,121,-0.58875
121,121,3.4794
122,121,-0.63615
248,121,-0.71174
249,121,-0.48612
256,121,-0.58466
120,122,-0.48738
121,122,-0.63615
122,122,3.4864
131,122,-0.64585
138,122,-0.44959
256,122,-0.54484
262,122,-0.72259
109,123,-0.6441
123,123,3.4693
124,123,-0.55086
125,123,-0.5309
126,123,-0.58535
135,123,-0.65004
136,123,-0.50811
123,124,-0.55086
124,124,3.4759
125,124,-0.70534
134,124,-0.62918
135,124,-0.50892
252,124,-0.48934
261,124,-0.59229
109,125,-0.51467
110,125,-0.6529
123,125,-0.5309
124,125,-0.70534
125,125,3.4821
252,125,-0.45955
255,125,-0.61875
12,126,-0.59218
109,126,-0.53516
112,126,-0.5666
123,126,-0.58535
126,126,3.4628
127,126,-0.58337
136,126,-0.60018
2,127,-0.52012
12,127,-0.59383
13,127,-0.60024
112,127,-0.54571
113,127,-0.62164
126,127,-0.58337
127,127,3.4649
10,128,-0.74547
18,128,-0.46987
21,128,-0.57027
117,128,-0.59585
119,128,-0.36019
128,128,3.519
129,128,-0.77733
21,129,-0.29709
119,129,-0.72843
120,129,-0.58911
128,129,-0.77733
129,129,3.5742
130,129,-0.82758
131,129,-0.35464
21,130,-0.66189
22,130,-0.71193
129,130,-0.82758
130,130,3.6419
131,130,-0.76977
137,130,-0.67068
120,131,-0.64877
122,131,-0.64585
129,131,-0.35464
130,131,-0.76977
131,131,3.544
137,131,-0.35854
138,131,-0.76642
132,132,3.5338
133,132,-0.48841
134,132,-0.52319
135,132,-0.60356
141,132,-0.3461
142,132,-0.75847
143,132,-0.81408
132,133,-0.48841
133,133,3.4752
134,133,-0.60575
142,133,-0.61208
258,133,-0.66092
266,133,-0.61585
272,133,-0.49216
124,134,-0.62918
132,134,-0.52319
133,134,-0.60575
134,134,3.4674
135,134,-0.60627
258,134,-0.57958
261,134,-0.52346
123,135,-0.65004
124,135,-0.50892
132,135,-0.60356
134,135,-0.60627
135,135,3.4736
136,135,-0.63318
143,135,-0.47168
12,136,-0.52393
25,136,-0.63746
123,136,-0.50811
126,136,-0.60018
135,136,-0.63318
136,136,3.4683
143,136,-0.56546
22,137,-0.49554
130,137,-0.67068
131,137,-0.35854
137,137,3.5378
138,137,-0.48458
139,137,-0.86362
144,137,-0.66481
122,138,-0.44959
131,138,-0.76642
137,138,-0.48458
138,138,3.5153
139,138,-0.55247
140,138,-0.78795
262,138,-0.47427
137,139,-0.86362
138,139,-0.55247
139,139,3.5908
140,139,-0.35402
144,139,-0.27498
145,139,-0.79753
146,139,-0.74821
138,140,-0.78795
139,140,-0.35402
140,140,3.5248
146,140,-0.67768
262,140,-0.5642
264,140,-0.42418
268,140,-0.71675
24,141,-0.5718
132,141,-0.3461
141,141,3.4433
142,141,-0.77005
143,141,-0.42269
147,141,-0.46676
148,141,-0.26385
149,141,-0.60208
132,142,-0.75847
133,142,-0.61208
141,142,-0.77005
142,142,3.6525
148,142,-0.87373
272,142,-0.63816
24,143,-0.77506
25,143,-0.47714
132,143,-0.81408
135,143,-0.47168
136,143,-0.56546
141,143,-0.42269
143,143,3.5261
22,144,-0.42146
33,144,-0.4778
43,144,-0.35868
137,144,-0.66481
139,144,-0.27498
144,144,3.4205
145,144,-0.63406
150,144,-0.58873
139,145,-0.79753
144,145,-0.63406
145,145,3.5158
146,145,-0.32056
150,145,-0.52485
151,145,-0.60117
152,145,-0.63761
139,146,-0.74821
140,146,-0.67768
145,146,-0.32056
146,146,3.5419
152,146,-0.74174
268,146,-0.36742
274,146,-0.68626
141,147,-0.46676
147,147,3.5263
148,147,-0.83787
149,147,-0.73003
155,147,-0.60275
156,147,-0.41603
157,147,-0.47289
141,148,-0.26385
142,148,-0.87373
147,148,-0.83787
148,148,3.6
156,148,-0.65199
272,148,-0.34624
280,148,-0.62628
24,149,-0.52486
35,149,-0.58796
45,149,-0.41728
141,149,-0.60208
147,149,-0.73003
149,149,3.4878
157,149,-0.62562
43,150,-0.77527
53,150,-0.3864
55,150,-0.56639
144,150,-0.58873
145,150,-0.52485
150,150,3.4989
151,150,-0.65729
55,151,-0.51641
145,151,-0.60117
150,151,-0.65729
151,151,3.4722
152,151,-0.48796
153,151,-0.65366
158,151,-0.55575
145,152,-0.63761
146,152,-0.74174
151,152,-0.48796
152,152,3.4994
153,152,-0.62785
154,152,-0.63518
274,152,-0.36902
151,153,-0.65366
152,153,-0.62785
153,153,3.4798
154,153,-0.43756
158,153,-0.51483
159,153,-0.57203
160,153,-0.67386
152,154,-0.63518
153,154,-0.43756
154,154,3.4937
160,154,-0.69327
274,154,-0.73246
275,154,-0.50004
281,154,-0.49517
147,155,-0.60275
155,155,3.5151
156,155,-0.69362
157,155,-0.64771
161,155,-0.77345
162,155,-0.43268
163,155,-0.36494
147,156,-0.41603
148,156,-0.65199
155,156,-0.69362
156,156,3.5069
162,156,-0.63914
280,156,-0.39354
285,156,-0.71257
45,157,-0.59389
57,157,-0.4869
147,157,-0.47289
149,157,-0.62562
155,157,-0.64771
157,157,3.4764
163,157,-0.6494
55,158,-0.66393
151,158,-0.55575
153,158,-0.51483
158,158,3.4814
159,158,-0.66363
165,158,-0.64334
166,158,-0.43988
153,159,-0.57203
158,159,-0.66363
159,159,3.547
160,159,-0.40316
166,159,-0.78953
167,159,-0.78542
174,159,-0.3332
153,160,-0.67386
154,160,-0.69327
159,160,-0.40316
160,160,3.4942
167,160,-0.66571
281,160,-0.58618
286,160,-0.47198
155,161,-0.77345
161,161,3.5494
162,161,-0.51823
163,161,-0.7486
168,161,-0.6549
169,161,-0.6222
170,161,-0.23207
155,162,-0.43268
156,162,-0.63914
161,162,-0.51823
162,162,3.4039
169,162,-0.54813
285,162,-0.33947
289,162,-0.5962
293,162,-0.33008
57,163,-0.66182
67,163,-0.38231
155,163,-0.36494
157,163,-0.6494
161,163,-0.7486
163,163,3.5251
170,163,-0.71801
65,164,-0.60336
66,164,-0.62848
76,164,-0.5214
164,164,3.4677
165,164,-0.50095
172,164,-0.58509
173,164,-0.62845
55,165,-0.50386
65,165,-0.64345
158,165,-0.64334
164,165,-0.50095
165,165,3.4719
166,165,-0.55894
173,165,-0.62134
158,166,-0.43988
159,166,-0.78953
165,166,-0.55894
166,166,3.5078
173,166,-0.53361
174,166,-0.46561
175,166,-0.72026
159,167,-0.78542
160,167,-0.66571
167,167,3.644
174,167,-0.7835
286,167,-0.6149
291,167,-0.79449
161,168,-0.6549
168,168,3.678
169,168,-0.63845
170,168,-0.92769
176,168,-0.87429
177,168,-0.58265
161,169,-0.6222
162,169,-0.54813
168,169,-0.63845
169,169,3.5214
176,169,-0.30393
293,169,-0.77733
298,169,-0.63139
67,170,-0.59622
161,170,-0.23207
163,170,-0.71801
168,170,-0.92769
170,170,3.5996
171,170,-0.70338
177,170,-0.42227
67,171,-0.67206
69,171,-0.51805
78,171,-0.46325
170,171,-0.70338
171,171,3.5577
177,171,-0.31829
179,171,-0.88265
76,172,-0.63916
164,172,-0.58509
172,172,3.4692
173,172,-0.50326
180,172,-0.59631
181,172,-0.51091
182,172,-0.63451
164,173,-0.62845
165,173,-0.62134
166,173,-0.53361
172,173,-0.50326
173,173,3.4677
175,173,-0.56518
182,173,-0.61586
159,174,-0.3332
166,174,-0.46561
167,174,-0.7835
174,174,3.4682
175,174,-0.5166
291,174,-0.32245
295,174,-0.72981
296,174,-0.31706
166,175,-0.72026
173,175,-0.56518
174,175,-0.5166
175,175,3.4768
182,175,-0.49539
183,175,-0.59424
295,175,-0.5851
168,176,-0.87429
169,176,-0.30393
176,176,3.5552
177,176,-0.4063
178,176,-0.64905
298,176,-0.66723
300,176,-0.65438
168,177,-0.58265
170,177,-0.42227
171,177,-0.31829
176,177,-0.4063
177,177,3.4279
178,177,-0.58739
179,177,-0.72567
184,177,-0.38535
176,178,-0.64905
177,178,-0.58739
178,178,3.5283
184,178,-0.68935
185,178,-0.77483
300,178,-0.55665
305,178,-0.271
78,179,-0.46733
171,179,-0.88265
177,179,-0.72567
179,179,3.6835
184,179,-0.73801
186,179,-0.86979
76,180,-0.52423
84,180,-0.61654
85,180,-0.61282
172,180,-0.59631
180,180,3.465
181,180,-0.56529
193,180,-0.54982
172,181,-0.51091
180,181,-0.56529
181,181,3.4812
182,181,-0.64863
193,181,-0.69456
194,181,-0.61941
195,181,-0.44242
172,182,-0.63451
173,182,-0.61586
175,182,-0.49539
181,182,-0.64863
182,182,3.489
183,182,-0.69487
194,182,-0.39975
175,183,-0.59424
182,183,-0.69487
183,183,3.5156
194,183,-0.72858
295,183,-0.4787
301,183,-0.69094
308,183,-0.32824
177,184,-0.38535
178,184,-0.68935
179,184,-0.73801
184,184,3.4792
185,184,-0.25301
186,184,-0.31626
196,184,-0.71348
197,184,-0.38376
178,185,-0.77483
184,185,-0.25301
185,185,3.6033
196,185,-0.88861
305,185,-0.79897
310,185,-0.47133
312,185,-0.41658
78,186,-0.4525
86,186,-0.56177
179,186,-0.86979
184,186,-0.31626
186,186,3.5584
187,186,-0.58209
197,186,-0.77596
86,187,-0.54324
186,187,-0.58209
187,187,3.4783
188,187,-0.65362
197,187,-0.58465
198,187,-0.6654
199,187,-0.44926
86,188,-0.45031
87,188,-0.60618
187,188,-0.65362
188,188,3.4879
189,188,-0.73394
198,188,-0.53351
200,188,-0.51032
87,189,-0.29914
88,189,-0.84698
90,189,-0.43278
188,189,-0.73394
189,189,3.5711
200,189,-0.50222
201,189,-0.75602
91,190,-0.47736
92,190,-0.55871
93,190,-0.60406
190,190,3.4819
191,190,-0.66563
203,190,-0.70497
204,190,-0.47114
85,191,-0.59984
93,191,-0.52154
190,191,-0.66563
191,191,3.4892
192,191,-0.41155
204,191,-0.57708
205,191,-0.71351
85,192,-0.61979
191,192,-0.41155
192,192,3.5069
193,192,-0.71497
205,192,-0.77122
206,192,-0.52898
207,192,-0.46044
85,193,-0.49454
180,193,-0.54982
181,193,-0.69456
192,193,-0.71497
193,193,3.4843
195,193,-0.55299
206,193,-0.47745
181,194,-0.61941
182,194,-0.39975
183,194,-0.72858
194,194,3.5139
195,194,-0.75134
307,194,-0.40058
308,194,-0.61421
181,195,-0.44242
193,195,-0.55299
194,195,-0.75134
195,195,3.4998
206,195,-0.73832
307,195,-0.55133
315,195,-0.46338
184,196,-0.71348
185,196,-0.88861
196,196,3.6638
197,196,-0.83568
312,196,-0.55914
313,196,-0.6669
184,197,-0.38376
186,197,-0.77596
187,197,-0.58465
196,197,-0.83568
197,197,3.5627
199,197,-0.6583
313,197,-0.32435
187,198,-0.6654
188,198,-0.53351
198,198,3.4712
199,198,-0.57604
200,198,-0.5725
208,198,-0.51348
209,198,-0.61022
187,199,-0.44926
197,199,-0.6583
198,199,-0.57604
199,199,3.5185
208,199,-0.75319
313,199,-0.72993
320,199,-0.3518
188,200,-0.51032
189,200,-0.50222
198,200,-0.5725
200,200,3.4842
201,200,-0.68387
209,200,-0.70218
210,200,-0.51309
90,201,-0.29959
94,201,-0.72207
189,201,-0.75602
200,201,-0.68387
201,201,3.5376
202,201,-0.55751
210,201,-0.51849
94,202,-0.69037
201,202,-0.55751
202,202,3.5257
203,202,-0.38787
210,202,-0.5014
212,202,-0.85626
213,202,-0.53225
92,203,-0.42623
94,203,-0.63878
190,203,-0.70497
202,203,-0.38787
203,203,3.514
204,203,-0.57687
213,203,-0.77925
190,204,-0.47114
191,204,-0.57708
203,204,-0.57687
204,204,3.3999
205,204,-0.33165
213,204,-0.47488
214,204,-0.59899
215,204,-0.36931
191,205,-0.71351
192,205,-0.77122
204,205,-0.33165
205,205,3.6012
207,205,-0.53609
214,205,-0.9406
216,205,-0.30816
192,206,-0.52898
193,206,-0.47745
195,206,-0.73832
206,206,3.5033
207,206,-0.77168
314,206,-0.43131
315,206,-0.55554
192,207,-0.46044
205,207,-0.53609
206,207,-0.77168
207,207,3.5356
216,207,-0.83901
314,207,-0.5754
326,207,-0.35301
198,208,-0.51348
199,208,-0.75319
208,208,3.4894
209,208,-0.5728
320,208,-0.4819
322,208,-0.50906
323,208,-0.65891
198,209,-0.61022
200,209,-0.70218
208,209,-0.5728
209,209,3.5179
210,209,-0.4525
211,209,-0.79858
323,209,-0.38159
200,210,-0.51309
201,210,-0.51849
202,210,-0.5014
209,210,-0.4525
210,210,3.3743
211,210,-0.46926
212,210,-0.49488
217,210,-0.42468
209,211,-0.79858
210,211,-0.46926
211,211,3.7252
217,211,-1.0692
323,211,-0.767
332,211,-0.62115
202,212,-0.85626
210,212,-0.49488
212,212,3.516
213,212,-0.48296
217,212,-0.6165
218,212,-0.60102
219,212,-0.46436
202,213,-0.53225
203,213,-0.77925
204,213,-0.47488
212,213,-0.48296
213,213,3.5015
215,213,-0.65636
219,213,-0.57582
204,214,-0.59899
205,214,-0.9406
214,214,3.702
215,214,-0.96543
216,214,-0.61622
324,214,-0.58071
204,215,-0.36931
213,215,-0.65636
214,215,-0.96543
215,215,3.6049
219,215,-0.7579
324,215,-0.28033
336,215,-0.57556
205,216,-0.30816
207,216,-0.83901
214,216,-0.61622
216,216,3.5333
324,216,-0.63992
325,216,-0.46884
326,216,-0.66112
210,217,-0.42468
211,217,-1.0692
212,217,-0.6165
217,217,3.6487
218,217,-0.66233
332,217,-0.18509
333,217,-0.69096
212,218,-0.60102
217,218,-0.66233
218,218,3.5393
219,218,-0.7682
333,218,-0.38581
334,218,-0.78123
335,218,-0.3407
212,219,-0.46436
213,219,-0.57582
215,219,-0.7579
218,219,-0.7682
219,219,3.5241
335,219,-0.59936
336,219,-0.35848
220,220,3.4994
221,220,-0.60364
222,220,-0.4251
223,220,-0.66775
224,220,-0.68992
233,220,-0.70156
234,220,-0.41148
220,221,-0.60364
221,221,3.5486
222,221,-0.79363
232,221,-0.84607
233,221,-0.42323
346,221,-0.33667
361,221,-0.54539
220,222,-0.4251
221,222,-0.79363
222,222,3.5157
224,222,-0.5477
346,222,-0.65543
349,222,-0.40285
351,222,-0.69103
220,223,-0.66775
223,223,3.522
224,223,-0.34099
225,223,-0.72601
234,223,-0.65012
235,223,-0.42307
236,223,-0.71408
220,224,-0.68992
222,224,-0.5477
223,224,-0.34099
224,224,3.5263
225,224,-0.78625
351,224,-0.68932
353,224,-0.47214
223,225,-0.72601
224,225,-0.78625
225,225,3.6654
235,225,-0.71819
353,225,-0.53296
362,225,-0.90201
96,226,-0.72425
226,226,3.4806
227,226,-0.52337
228,226,-0.5636
229,226,-0.57664
230,226,-0.47787
245,226,-0.61491
226,227,-0.52337
227,227,3.604
228,227,-0.86751
244,227,-0.77488
245,227,-0.53364
356,227,-0.20761
373,227,-0.69701
226,228,-0.5636
227,228,-0.86751
228,228,3.6618
230,228,-0.69049
356,228,-0.81209
359,228,-0.7281
96,229,-0.4486
97,229,-0.77286
226,229,-0.57664
229,229,3.4897
230,229,-0.63759
231,229,-0.49919
232,229,-0.55484
226,230,-0.47787
228,230,-0.69049
229,230,-0.63759
230,230,3.4972
232,230,-0.59063
359,230,-0.38728
361,230,-0.71336
97,231,-0.4113
99,231,-0.91101
101,231,-0.26915
229,231,-0.49919
231,231,3.6002
232,231,-0.67498
233,231,-0.83459
221,232,-0.84607
229,232,-0.55484
230,232,-0.59063
231,232,-0.67498
232,232,3.5183
233,232,-0.41185
361,232,-0.43991
101,233,-0.48361
220,233,-0.70156
221,233,-0.42323
231,233,-0.83459
232,233,-0.41185
233,233,3.5307
234,233,-0.67588
101,234,-0.60361
103,234,-0.66602
220,234,-0.41148
223,234,-0.65012
233,234,-0.67588
234,234,3.4882
236,234,-0.4811
223,235,-0.42307
225,235,-0.71819
235,235,3.4307
236,235,-0.51654
237,235,-0.41831
238,235,-0.6324
362,235,-0.25185
364,235,-0.47033
103,236,-0.53874
105,236,-0.56566
223,236,-0.71408
234,236,-0.4811
235,236,-0.51654
236,236,3.4821
237,236,-0.66602
105,237,-0.59945
107,237,-0.77731
235,237,-0.41831
236,237,-0.66602
237,237,3.5777
238,237,-0.86303
239,237,-0.2536
235,238,-0.6324
237,238,-0.86303
238,238,3.6521
239,238,-0.79196
240,238,-0.71373
364,238,-0.65101
107,239,-0.57562
237,239,-0.2536
238,239,-0.79196
239,239,3.4901
240,239,-0.24411
241,239,-0.56495
246,239,-0.73429
247,239,-0.32554
238,240,-0.71373
239,240,-0.24411
240,240,3.6325
241,240,-0.98936
364,240,-0.56135
365,240,-0.78561
367,240,-0.33837
239,241,-0.56495
240,241,-0.98936
241,241,3.7462
247,241,-1.0455
367,241,-0.53315
375,241,-0.61326
110,242,-0.82687
242,242,3.6729
243,242,-0.51121
244,242,-0.89195
245,242,-0.75116
255,242,-0.69168
242,243,-0.51121
243,243,3.4743
244,243,-0.50286
254,243,-0.65351
255,243,-0.53599
370,243,-0.60769
382,243,-0.66305
227,244,-0.77488
242,244,-0.89195
243,244,-0.50286
244,244,3.5849
245,244,-0.23477
370,244,-0.55617
373,244,-0.62425
96,245,-0.49068
110,245,-0.34689
111,245,-0.46957
226,245,-0.61491
227,245,-0.53364
242,245,-0.75116
244,245,-0.23477
245,245,3.4416
107,246,-0.50128
108,246,-0.54358
118,246,-0.69341
239,246,-0.73429
246,246,3.4926
247,246,-0.6006
248,246,-0.41942
239,247,-0.32554
241,247,-1.0455
246,247,-0.6006
247,247,3.66
248,247,-0.80544
250,247,-0.66617
375,247,-0.21678
118,248,-0.58435
121,248,-0.71174
246,248,-0.41942
247,248,-0.80544
248,248,3.5168
249,248,-0.59635
250,248,-0.39951
121,249,-0.48612
248,249,-0.59635
249,249,3.4741
250,249,-0.66621
251,249,-0.49001
256,249,-0.61352
257,249,-0.62188
247,250,-0.66617
248,250,-0.39951
249,250,-0.66621
250,250,3.5177
251,250,-0.65673
375,250,-0.74586
377,250,-0.3832
249,251,-0.49001
250,251,-0.65673
251,251,3.4682
257,251,-0.58301
377,251,-0.59523
383,251,-0.56824
384,251,-0.57504
124,252,-0.48934
125,252,-0.45955
252,252,3.5099
253,252,-0.65185
254,252,-0.41904
255,252,-0.77358
261,252,-0.71652
252,253,-0.65185
253,253,3.5155
254,253,-0.67122
260,253,-0.5199
261,253,-0.39675
379,253,-0.46775
386,253,-0.80801
243,254,-0.65351
252,254,-0.41904
253,254,-0.67122
254,254,3.4946
255,254,-0.53776
379,254,-0.72651
382,254,-0.48659
110,255,-0.35185
125,255,-0.61875
242,255,-0.69168
243,255,-0.53599
252,255,-0.77358
254,255,-0.53776
255,255,3.5096
121,256,-0.58466
122,256,-0.54484
249,256,-0.61352
256,256,3.4696
257,256,-0.52761
262,256,-0.52171
263,256,-0.67722
249,257,-0.62188
251,257,-0.58301
256,257,-0.52761
257,257,3.464
263,257,-0.5555
383,257,-0.57393
388,257,-0.60204
133,258,-0.66092
134,258,-0.57958
258,258,3.4844
260,258,-0.59239
261,258,-0.52943
266,258,-0.42272
267,258,-0.69938
259,259,3.5396
260,259,-0.71661
267,259,-0.57775
386,259,-0.67134
392,259,-0.80779
394,259,-0.4371
397,259,-0.32902
253,260,-0.5199
258,260,-0.59239
259,260,-0.71661
260,260,3.4979
261,260,-0.74111
267,260,-0.42396
386,260,-0.50394
124,261,-0.59229
134,261,-0.52346
252,261,-0.71652
253,261,-0.39675
258,261,-0.52943
260,261,-0.74111
261,261,3.4996
122,262,-0.72259
138,262,-0.47427
140,262,-0.5642
256,262,-0.52171
262,262,3.489
263,262,-0.49034
264,262,-0.71589
256,263,-0.67722
257,263,-0.5555
262,263,-0.49034
263,263,3.4716
264,263,-0.57382
265,263,-0.63741
388,263,-0.53732
140,264,-0.42418
262,264,-0.71589
263,264,-0.57382
264,264,3.4851
265,264,-0.5019
268,264,-0.63128
269,264,-0.63802
263,265,-0.63741
264,265,-0.5019
265,265,3.4663
269,265,-0.6092
388,265,-0.58433
390,265,-0.54491
395,265,-0.58856
133,266,-0.61585
258,266,-0.42272
266,266,3.4967
267,266,-0.67645
272,266,-0.64267
273,266,-0.71192
279,266,-0.42712
258,267,-0.69938
259,267,-0.57775
260,267,-0.42396
266,267,-0.67645
267,267,3.54
273,267,-0.32033
397,267,-0.84211
140,268,-0.71675
146,268,-0.36742
264,268,-0.63128
268,268,3.5014
269,268,-0.46975
270,268,-0.62308
274,268,-0.69312
264,269,-0.63802
265,269,-0.6092
268,269,-0.46975
269,269,3.4708
270,269,-0.63585
271,269,-0.58859
395,269,-0.52942
268,270,-0.62308
269,270,-0.63585
270,270,3.4751
271,270,-0.52525
274,270,-0.45915
275,270,-0.67236
276,270,-0.55942
269,271,-0.58859
270,271,-0.52525
271,271,3.4644
276,271,-0.62569
395,271,-0.61175
399,271,-0.55703
400,271,-0.55612
133,272,-0.49216
142,272,-0.63816
148,272,-0.34624
266,272,-0.64267
272,272,3.5058
279,272,-0.63483
280,272,-0.75175
266,273,-0.71192
267,273,-0.32033
273,273,3.5162
278,273,-0.50202
279,273,-0.67713
397,273,-0.58548
405,273,-0.71928
146,274,-0.68626
152,274,-0.36902
154,274,-0.73246
268,274,-0.69312
270,274,-0.45915
274,274,3.5075
275,274,-0.56745
154,275,-0.50004
270,275,-0.67236
274,275,-0.56745
275,275,3.4762
276,275,-0.54419
281,275,-0.68497
282,275,-0.50718
270,276,-0.55942
271,276,-0.62569
275,276,-0.54419
276,276,3.4655
282,276,-0.63412
399,276,-0.56987
406,276,-0.53224
277,277,3.5193
278,277,-0.38974
279,277,-0.76983
280,277,-0.58616
283,277,-0.5549
284,277,-0.7641
285,277,-0.45459
273,278,-0.50202
277,278,-0.38974
278,278,3.3851
279,278,-0.59047
284,278,-0.46476
402,278,-0.42312
405,278,-0.42956
408,278,-0.58547
266,279,-0.42712
272,279,-0.63483
273,279,-0.67713
277,279,-0.76983
278,279,-0.59047
279,279,3.5059
280,279,-0.40655
148,280,-0.62628
156,280,-0.39354
272,280,-0.75175
277,280,-0.58616
279,280,-0.40655
280,280,3.516
285,280,-0.75173
154,281,-0.49517
160,281,-0.58618
275,281,-0.68497
281,281,3.4763
282,281,-0.60186
286,281,-0.63475
287,281,-0.47338
275,282,-0.50718
276,282,-0.63412
281,282,-0.60186
282,282,3.4689
287,282,-0.61454
406,282,-0.60633
410,282,-0.50481
277,283,-0.5549
283,283,3.5128
284,283,-0.58205
285,283,-0.50653
288,283,-0.76651
289,283,-0.71882
290,283,-0.384
277,284,-0.7641
278,284,-0.46476
283,284,-0.58205
284,284,3.512
288,284,-0.4506
408,284,-0.75987
412,284,-0.49058
156,285,-0.71257
162,285,-0.33947
277,285,-0.45459
280,285,-0.75173
283,285,-0.50653
285,285,3.5403
289,285,-0.77542
160,286,-0.47198
167,286,-0.6149
281,286,-0.63475
286,286,3.4808
287,286,-0.65833
291,286,-0.46034
292,286,-0.64045
281,287,-0.47338
282,287,-0.61454
286,287,-0.65833
287,287,3.4745
292,287,-0.49997
410,287,-0.64216
414,287,-0.58612
283,288,-0.76651
284,288,-0.4506
288,288,3.5067
290,288,-0.54983
412,288,-0.67977
416,288,-0.39867
418,288,-0.66126
162,289,-0.5962
283,289,-0.71882
285,289,-0.77542
289,289,3.681
290,289,-0.60579
293,289,-0.98477
283,290,-0.384
288,290,-0.54983
289,290,-0.60579
290,290,3.4183
293,290,-0.28533
294,290,-0.68587
418,290,-0.53926
422,290,-0.36826
167,291,-0.79449
174,291,-0.32245
286,291,-0.46034
291,291,3.5667
292,291,-0.54327
296,291,-0.88928
297,291,-0.55692
286,292,-0.64045
287,292,-0.49997
291,292,-0.54327
292,292,3.4673
297,292,-0.60642
414,292,-0.59651
419,292,-0.58071
162,293,-0.33008
169,293,-0.77733
289,293,-0.98477
290,293,-0.28533
293,293,3.6313
294,293,-0.76968
298,293,-0.48409
290,294,-0.68587
293,294,-0.76968
294,294,3.508
298,294,-0.54805
299,294,-0.60107
304,294,-0.38096
422,294,-0.52241
174,295,-0.72981
175,295,-0.5851
183,295,-0.4787
295,295,3.5537
296,295,-0.82217
301,295,-0.68999
303,295,-0.24793
174,296,-0.31706
291,296,-0.88928
295,296,-0.82217
296,296,3.5909
297,296,-0.51432
302,296,-0.36635
303,296,-0.68169
291,297,-0.55692
292,297,-0.60642
296,297,-0.51432
297,297,3.4743
302,297,-0.69484
419,297,-0.55935
424,297,-0.54242
169,298,-0.63139
176,298,-0.66723
293,298,-0.48409
294,298,-0.54805
298,298,3.4871
300,298,-0.45519
304,298,-0.70111
294,299,-0.60107
299,299,3.6548
304,299,-0.83121
422,299,-0.83261
426,299,-0.68486
431,299,-0.70502
176,300,-0.65438
178,300,-0.55665
298,300,-0.45519
300,300,3.5146
304,300,-0.63369
305,300,-0.82223
306,300,-0.39247
183,301,-0.69094
295,301,-0.68999
301,301,3.6508
303,301,-0.86477
308,301,-0.79942
309,301,-0.60573
296,302,-0.36635
297,302,-0.69484
302,302,3.5276
303,302,-0.81553
424,302,-0.59204
428,302,-0.40968
429,302,-0.64921
295,303,-0.24793
296,303,-0.68169
301,303,-0.86477
302,303,-0.81553
303,303,3.5869
309,303,-0.38693
428,303,-0.59002
294,304,-0.38096
298,304,-0.70111
299,304,-0.83121
300,304,-0.63369
304,304,3.5646
306,304,-0.74012
431,304,-0.27746
178,305,-0.271
185,305,-0.79897
300,305,-0.82223
305,305,3.5553
306,305,-0.60876
310,305,-0.59417
311,305,-0.4602
300,306,-0.39247
304,306,-0.74012
305,306,-0.60876
306,306,3.5081
311,306,-0.70672
431,306,-0.62964
433,306,-0.43043
194,307,-0.40058
195,307,-0.55133
307,307,3.524
308,307,-0.81707
315,307,-0.72138
316,307,-0.40562
317,307,-0.62803
183,308,-0.32824
194,308,-0.61421
301,308,-0.79942
307,308,-0.81707
308,308,3.5483
309,308,-0.40166
316,308,-0.58774
301,309,-0.60573
303,309,-0.38693
308,309,-0.40166
309,309,3.514
316,309,-0.72979
428,309,-0.71942
434,309,-0.67047
185,310,-0.47133
305,310,-0.59417
310,310,3.484
311,310,-0.63191
312,310,-0.72303
318,310,-0.59565
319,310,-0.46786
305,311,-0.4602
306,311,-0.70672
310,311,-0.63191
311,311,3.4795
318,311,-0.52337
433,311,-0.52823
438,311,-0.62906
185,312,-0.41658
196,312,-0.55914
310,312,-0.72303
312,312,3.4858
313,312,-0.59259
319,312,-0.61906
321,312,-0.57536
196,313,-0.6669
197,313,-0.32435
199,313,-0.72993
312,313,-0.59259
313,313,3.522
320,313,-0.74419
321,313,-0.46405
206,314,-0.43131
207,314,-0.5754
314,314,3.5042
315,314,-0.75683
326,314,-0.75127
327,314,-0.51249
328,314,-0.47693
195,315,-0.46338
206,315,-0.55554
307,315,-0.72138
314,315,-0.75683
315,315,3.4958
317,315,-0.4881
327,315,-0.51053
307,316,-0.40562
308,316,-0.58774
309,316,-0.72979
316,316,3.5198
317,316,-0.57244
434,316,-0.43183
440,316,-0.79235
307,317,-0.62803
315,317,-0.4881
316,317,-0.57244
317,317,3.4768
327,317,-0.70401
440,317,-0.54694
448,317,-0.53724
310,318,-0.59565
311,318,-0.52337
318,318,3.4648
319,318,-0.62738
438,318,-0.59743
444,318,-0.53813
445,318,-0.58283
310,319,-0.46786
312,319,-0.61906
318,319,-0.62738
319,319,3.4691
321,319,-0.56296
444,319,-0.60123
446,319,-0.59058
199,320,-0.3518
208,320,-0.4819
313,320,-0.74419
320,320,3.5719
321,320,-0.65222
322,320,-0.93109
329,320,-0.41071
312,321,-0.57536
313,321,-0.46405
319,321,-0.56296
320,321,-0.65222
321,321,3.4737
329,321,-0.649
446,321,-0.57011
208,322,-0.50906
320,322,-0.93109
322,322,3.6087
323,322,-0.6157
329,322,-0.29647
330,322,-0.37975
331,322,-0.87665
208,323,-0.65891
209,323,-0.38159
211,323,-0.767
322,323,-0.6157
323,323,3.5252
330,323,-0.7206
332,323,-0.38138
214,324,-0.58071
215,324,-0.28033
216,324,-0.63992
324,324,3.5472
325,324,-0.61067
336,324,-0.90287
338,324,-0.53269
216,325,-0.46884
324,325,-0.61067
325,325,3.4691
326,325,-0.60261
337,325,-0.57366
338,325,-0.57813
339,325,-0.63519
207,326,-0.35301
216,326,-0.66112
314,326,-0.75127
325,326,-0.60261
326,326,3.5007
328,326,-0.59202
339,326,-0.54068
314,327,-0.51249
315,327,-0.51053
317,327,-0.70401
327,327,3.4823
328,327,-0.7047
447,327,-0.55891
448,327,-0.4917
314,328,-0.47693
326,328,-0.59202
327,328,-0.7047
328,328,3.4801
339,328,-0.55971
447,328,-0.48448
455,328,-0.66226
320,329,-0.41071
321,329,-0.649
322,329,-0.29647
329,329,3.4358
331,329,-0.72933
446,329,-0.56554
451,329,-0.45021
453,329,-0.33451
322,330,-0.37975
323,330,-0.7206
330,330,3.4978
331,330,-0.59258
332,330,-0.65337
340,330,-0.48072
341,330,-0.67075
322,331,-0.87665
329,331,-0.72933
330,331,-0.59258
331,331,3.6551
340,331,-0.65461
453,331,-0.80191
211,332,-0.62115
217,332,-0.18509
323,332,-0.38138
330,332,-0.65337
332,332,3.4783
333,332,-0.82561
341,332,-0.44632
342,332,-0.36535
217,333,-0.69096
218,333,-0.38581
332,333,-0.82561
333,333,3.5701
334,333,-0.68496
342,333,-0.7266
343,333,-0.25615
218,334,-0.78123
333,334,-0.68496
334,334,3.656
335,334,-0.67524
343,334,-0.90579
344,334,-0.60878
218,335,-0.3407
219,335,-0.59936
334,335,-0.67524
335,335,3.5283
336,335,-0.85871
344,335,-0.55974
345,335,-0.49456
215,336,-0.57556
219,336,-0.35848
324,336,-0.90287
335,336,-0.85871
336,336,3.578
338,336,-0.40167
345,336,-0.48074
325,337,-0.57366
337,337,3.5026
338,337,-0.6614
339,337,-0.49798
454,337,-0.45025
467,337,-0.50838
468,337,-0.81092
324,338,-0.53269
325,338,-0.57813
336,338,-0.40167
337,338,-0.6614
338,338,3.505
345,338,-0.8122
467,338,-0.51895
325,339,-0.63519
326,339,-0.54068
328,339,-0.55971
337,339,-0.49798
339,339,3.4778
454,339,-0.72626
455,339,-0.518
330,340,-0.48072
331,340,-0.65461
340,340,3.4861
341,340,-0.60763
453,340,-0.42706
461,340,-0.65414
462,340,-0.66197
330,341,-0.67075
332,341,-0.44632
340,341,-0.60763
341,341,3.5055
342,341,-0.80685
461,341,-0.47619
463,341,-0.4977
332,342,-0.36535
333,342,-0.7266
341,342,-0.80685
342,342,3.5456
343,342,-0.70637
463,342,-0.5861
464,342,-0.35436
333,343,-0.25615
334,343,-0.90579
342,343,-0.70637
343,343,3.6076
344,343,-0.32692
464,343,-0.80724
465,343,-0.6051
334,344,-0.60878
335,344,-0.55974
343,344,-0.32692
344,344,3.5139
345,344,-0.56322
465,344,-0.78066
466,344,-0.67457
335,345,-0.49456
336,345,-0.48074
338,345,-0.8122
344,345,-0.56322
345,345,3.4999
466,345,-0.64408
467,345,-0.5051
221,346,-0.33667
222,346,-0.65543
346,346,3.5365
347,346,-0.40319
349,346,-0.72609
360,346,-0.59525
361,346,-0.81991
346,347,-0.40319
347,347,3.4911
348,347,-0.65853
349,347,-0.64078
360,347,-0.72518
487,347,-0.53871
489,347,-0.52473
347,348,-0.65853
348,348,3.4894
349,348,-0.39331
350,348,-0.6521
478,348,-0.4965
479,348,-0.64013
489,348,-0.64889
222,349,-0.40285
346,349,-0.72609
347,349,-0.64078
348,349,-0.39331
349,349,3.5126
350,349,-0.74409
351,349,-0.60552
348,350,-0.6521
349,350,-0.74409
350,350,3.5033
351,350,-0.3563
352,350,-0.65159
478,350,-0.608
481,350,-0.49127
222,351,-0.69103
224,351,-0.68932
349,351,-0.60552
350,351,-0.3563
351,351,3.5446
352,351,-0.82798
353,351,-0.37447
350,352,-0.65159
351,352,-0.82798
352,352,3.6529
353,352,-0.6862
354,352,-0.8655
481,352,-0.62158
224,353,-0.47214
225,353,-0.53296
351,353,-0.37447
352,353,-0.6862
353,353,3.4163
354,353,-0.29148
355,353,-0.60907
362,353,-0.45001
352,354,-0.8655
353,354,-0.29148
354,354,3.577
355,354,-0.75786
481,354,-0.38255
483,354,-0.53475
490,354,-0.7449
353,355,-0.60907
354,355,-0.75786
355,355,3.5022
362,355,-0.63958
363,355,-0.52801
490,355,-0.35374
492,355,-0.61392
227,356,-0.20761
228,356,-0.81209
356,356,3.4837
357,356,-0.3715
358,356,-0.50726
359,356,-0.4106
373,356,-0.46491
374,356,-0.70977
356,357,-0.3715
357,357,3.5609
358,357,-0.76707
374,357,-0.756
484,357,-0.6286
485,357,-0.74778
501,357,-0.28994
356,358,-0.50726
357,358,-0.76707
358,358,3.4942
359,358,-0.6742
360,358,-0.51388
